 0.00000000e+00  1.66210720e+00 
 1.00000000e-06  1.66376481e+00 
 2.00000000e-06  1.66542718e+00 
 3.00000000e-06  1.66709396e+00 
 4.00000000e-06  1.66876479e+00 
 5.00000000e-06  1.67043929e+00 
 6.00000000e-06  1.67211711e+00 
 7.00000000e-06  1.67379786e+00 
 8.00000000e-06  1.67548115e+00 
 9.00000000e-06  1.67716660e+00 
 1.00000000e-05  1.67885380e+00 
 1.10000000e-05  1.68054235e+00 
 1.20000000e-05  1.68223183e+00 
 1.30000000e-05  1.68392185e+00 
 1.40000000e-05  1.68561196e+00 
 1.50000000e-05  1.68730175e+00 
 1.60000000e-05  1.68899079e+00 
 1.70000000e-05  1.69067864e+00 
 1.80000000e-05  1.69236487e+00 
 1.90000000e-05  1.69404902e+00 
 2.00000000e-05  1.69573066e+00 
 2.10000000e-05  1.69740934e+00 
 2.20000000e-05  1.69908460e+00 
 2.30000000e-05  1.70075599e+00 
 2.40000000e-05  1.70242306e+00 
 2.50000000e-05  1.70408534e+00 
 2.60000000e-05  1.70574237e+00 
 2.70000000e-05  1.70739371e+00 
 2.80000000e-05  1.70903889e+00 
 2.90000000e-05  1.71067744e+00 
 3.00000000e-05  1.71230891e+00 
 3.10000000e-05  1.71393285e+00 
 3.20000000e-05  1.71554878e+00 
 3.30000000e-05  1.71715628e+00 
 3.40000000e-05  1.71875487e+00 
 3.50000000e-05  1.72034411e+00 
 3.60000000e-05  1.72192355e+00 
 3.70000000e-05  1.72349276e+00 
 3.80000000e-05  1.72505130e+00 
 3.90000000e-05  1.72659874e+00 
 4.00000000e-05  1.72813464e+00 
 4.10000000e-05  1.72965860e+00 
 4.20000000e-05  1.73117020e+00 
 4.30000000e-05  1.73266903e+00 
 4.40000000e-05  1.73415469e+00 
 4.50000000e-05  1.73562680e+00 
 4.60000000e-05  1.73708497e+00 
 4.70000000e-05  1.73852884e+00 
 4.80000000e-05  1.73995804e+00 
 4.90000000e-05  1.74137221e+00 
 5.00000000e-05  1.74277103e+00 
 0.00000000e+00  1.66542718e+00 
 1.00000000e-06  1.66708109e+00 
 2.00000000e-06  1.66873909e+00 
 3.00000000e-06  1.67040081e+00 
 4.00000000e-06  1.67206589e+00 
 5.00000000e-06  1.67373396e+00 
 6.00000000e-06  1.67540464e+00 
 7.00000000e-06  1.67707756e+00 
 8.00000000e-06  1.67875231e+00 
 9.00000000e-06  1.68042851e+00 
 1.00000000e-05  1.68210576e+00 
 1.10000000e-05  1.68378364e+00 
 1.20000000e-05  1.68546175e+00 
 1.30000000e-05  1.68713967e+00 
 1.40000000e-05  1.68881698e+00 
 1.50000000e-05  1.69049326e+00 
 1.60000000e-05  1.69216807e+00 
 1.70000000e-05  1.69384099e+00 
 1.80000000e-05  1.69551157e+00 
 1.90000000e-05  1.69717938e+00 
 2.00000000e-05  1.69884397e+00 
 2.10000000e-05  1.70050489e+00 
 2.20000000e-05  1.70216171e+00 
 2.30000000e-05  1.70381397e+00 
 2.40000000e-05  1.70546123e+00 
 2.50000000e-05  1.70710302e+00 
 2.60000000e-05  1.70873890e+00 
 2.70000000e-05  1.71036843e+00 
 2.80000000e-05  1.71199113e+00 
 2.90000000e-05  1.71360658e+00 
 3.00000000e-05  1.71521431e+00 
 3.10000000e-05  1.71681388e+00 
 3.20000000e-05  1.71840485e+00 
 3.30000000e-05  1.71998677e+00 
 3.40000000e-05  1.72155920e+00 
 3.50000000e-05  1.72312172e+00 
 3.60000000e-05  1.72467388e+00 
 3.70000000e-05  1.72621526e+00 
 3.80000000e-05  1.72774544e+00 
 3.90000000e-05  1.72926400e+00 
 4.00000000e-05  1.73077055e+00 
 4.10000000e-05  1.73226466e+00 
 4.20000000e-05  1.73374595e+00 
 4.30000000e-05  1.73521404e+00 
 4.40000000e-05  1.73666854e+00 
 4.50000000e-05  1.73810907e+00 
 4.60000000e-05  1.73953529e+00 
 4.70000000e-05  1.74094684e+00 
 4.80000000e-05  1.74234337e+00 
 4.90000000e-05  1.74372457e+00 
 5.00000000e-05  1.74509010e+00 
 0.00000000e+00  1.66876479e+00 
 1.00000000e-06  1.67041364e+00 
 2.00000000e-06  1.67206589e+00 
 3.00000000e-06  1.67372118e+00 
 4.00000000e-06  1.67537914e+00 
 5.00000000e-06  1.67703939e+00 
 6.00000000e-06  1.67870156e+00 
 7.00000000e-06  1.68036525e+00 
 8.00000000e-06  1.68203008e+00 
 9.00000000e-06  1.68369565e+00 
 1.00000000e-05  1.68536156e+00 
 1.10000000e-05  1.68702740e+00 
 1.20000000e-05  1.68869276e+00 
 1.30000000e-05  1.69035722e+00 
 1.40000000e-05  1.69202036e+00 
 1.50000000e-05  1.69368176e+00 
 1.60000000e-05  1.69534099e+00 
 1.70000000e-05  1.69699762e+00 
 1.80000000e-05  1.69865122e+00 
 1.90000000e-05  1.70030135e+00 
 2.00000000e-05  1.70194757e+00 
 2.10000000e-05  1.70358945e+00 
 2.20000000e-05  1.70522653e+00 
 2.30000000e-05  1.70685838e+00 
 2.40000000e-05  1.70848456e+00 
 2.50000000e-05  1.71010462e+00 
 2.60000000e-05  1.71171812e+00 
 2.70000000e-05  1.71332462e+00 
 2.80000000e-05  1.71492367e+00 
 2.90000000e-05  1.71651483e+00 
 3.00000000e-05  1.71809767e+00 
 3.10000000e-05  1.71967175e+00 
 3.20000000e-05  1.72123664e+00 
 3.30000000e-05  1.72279191e+00 
 3.40000000e-05  1.72433713e+00 
 3.50000000e-05  1.72587189e+00 
 3.60000000e-05  1.72739576e+00 
 3.70000000e-05  1.72890833e+00 
 3.80000000e-05  1.73040921e+00 
 3.90000000e-05  1.73189799e+00 
 4.00000000e-05  1.73337428e+00 
 4.10000000e-05  1.73483769e+00 
 4.20000000e-05  1.73628786e+00 
 4.30000000e-05  1.73772441e+00 
 4.40000000e-05  1.73914698e+00 
 4.50000000e-05  1.74055521e+00 
 4.60000000e-05  1.74194879e+00 
 4.70000000e-05  1.74332736e+00 
 4.80000000e-05  1.74469061e+00 
 4.90000000e-05  1.74603823e+00 
 5.00000000e-05  1.74736993e+00 
 0.00000000e+00  1.67211714e+00 
 1.00000000e-06  1.67375952e+00 
 2.00000000e-06  1.67540464e+00 
 3.00000000e-06  1.67705211e+00 
 4.00000000e-06  1.67870156e+00 
 5.00000000e-06  1.68035260e+00 
 6.00000000e-06  1.68200485e+00 
 7.00000000e-06  1.68365794e+00 
 8.00000000e-06  1.68531145e+00 
 9.00000000e-06  1.68696500e+00 
 1.00000000e-05  1.68861819e+00 
 1.10000000e-05  1.69027060e+00 
 1.20000000e-05  1.69192182e+00 
 1.30000000e-05  1.69357145e+00 
 1.40000000e-05  1.69521905e+00 
 1.50000000e-05  1.69686422e+00 
 1.60000000e-05  1.69850652e+00 
 1.70000000e-05  1.70014553e+00 
 1.80000000e-05  1.70178082e+00 
 1.90000000e-05  1.70341196e+00 
 2.00000000e-05  1.70503851e+00 
 2.10000000e-05  1.70666004e+00 
 2.20000000e-05  1.70827612e+00 
 2.30000000e-05  1.70988631e+00 
 2.40000000e-05  1.71149017e+00 
 2.50000000e-05  1.71308727e+00 
 2.60000000e-05  1.71467718e+00 
 2.70000000e-05  1.71625947e+00 
 2.80000000e-05  1.71783370e+00 
 2.90000000e-05  1.71939944e+00 
 3.00000000e-05  1.72095627e+00 
 3.10000000e-05  1.72250377e+00 
 3.20000000e-05  1.72404151e+00 
 3.30000000e-05  1.72556908e+00 
 3.40000000e-05  1.72708608e+00 
 3.50000000e-05  1.72859209e+00 
 3.60000000e-05  1.73008671e+00 
 3.70000000e-05  1.73156955e+00 
 3.80000000e-05  1.73304022e+00 
 3.90000000e-05  1.73449835e+00 
 4.00000000e-05  1.73594355e+00 
 4.10000000e-05  1.73737546e+00 
 4.20000000e-05  1.73879372e+00 
 4.30000000e-05  1.74019799e+00 
 4.40000000e-05  1.74158793e+00 
 4.50000000e-05  1.74296320e+00 
 4.60000000e-05  1.74432349e+00 
 4.70000000e-05  1.74566849e+00 
 4.80000000e-05  1.74699789e+00 
 4.90000000e-05  1.74831142e+00 
 5.00000000e-05  1.74960880e+00 
 0.00000000e+00  1.67548115e+00 
 1.00000000e-06  1.67711572e+00 
 2.00000000e-06  1.67875231e+00 
 3.00000000e-06  1.68039056e+00 
 4.00000000e-06  1.68203008e+00 
 5.00000000e-06  1.68367051e+00 
 6.00000000e-06  1.68531145e+00 
 7.00000000e-06  1.68695252e+00 
 8.00000000e-06  1.68859333e+00 
 9.00000000e-06  1.69023347e+00 
 1.00000000e-05  1.69187254e+00 
 1.10000000e-05  1.69351014e+00 
 1.20000000e-05  1.69514586e+00 
 1.30000000e-05  1.69677928e+00 
 1.40000000e-05  1.69840999e+00 
 1.50000000e-05  1.70003757e+00 
 1.60000000e-05  1.70166161e+00 
 1.70000000e-05  1.70328167e+00 
 1.80000000e-05  1.70489734e+00 
 1.90000000e-05  1.70650818e+00 
 2.00000000e-05  1.70811378e+00 
 2.10000000e-05  1.70971370e+00 
 2.20000000e-05  1.71130751e+00 
 2.30000000e-05  1.71289480e+00 
 2.40000000e-05  1.71447514e+00 
 2.50000000e-05  1.71604809e+00 
 2.60000000e-05  1.71761324e+00 
 2.70000000e-05  1.71917016e+00 
 2.80000000e-05  1.72071844e+00 
 2.90000000e-05  1.72225766e+00 
 3.00000000e-05  1.72378740e+00 
 3.10000000e-05  1.72530726e+00 
 3.20000000e-05  1.72681683e+00 
 3.30000000e-05  1.72831571e+00 
 3.40000000e-05  1.72980351e+00 
 3.50000000e-05  1.73127983e+00 
 3.60000000e-05  1.73274429e+00 
 3.70000000e-05  1.73419651e+00 
 3.80000000e-05  1.73563613e+00 
 3.90000000e-05  1.73706278e+00 
 4.00000000e-05  1.73847611e+00 
 4.10000000e-05  1.73987576e+00 
 4.20000000e-05  1.74126141e+00 
 4.30000000e-05  1.74263272e+00 
 4.40000000e-05  1.74398938e+00 
 4.50000000e-05  1.74533108e+00 
 4.60000000e-05  1.74665751e+00 
 4.70000000e-05  1.74796839e+00 
 4.80000000e-05  1.74926345e+00 
 4.90000000e-05  1.75054241e+00 
 5.00000000e-05  1.75180504e+00 
 0.00000000e+00  1.67885383e+00 
 1.00000000e-06  1.68047911e+00 
 2.00000000e-06  1.68210576e+00 
 3.00000000e-06  1.68373336e+00 
 4.00000000e-06  1.68536156e+00 
 5.00000000e-06  1.68698996e+00 
 6.00000000e-06  1.68861819e+00 
 7.00000000e-06  1.69024584e+00 
 8.00000000e-06  1.69187254e+00 
 9.00000000e-06  1.69349787e+00 
 1.00000000e-05  1.69512145e+00 
 1.10000000e-05  1.69674286e+00 
 1.20000000e-05  1.69836171e+00 
 1.30000000e-05  1.69997757e+00 
 1.40000000e-05  1.70159004e+00 
 1.50000000e-05  1.70319870e+00 
 1.60000000e-05  1.70480315e+00 
 1.70000000e-05  1.70640295e+00 
 1.80000000e-05  1.70799770e+00 
 1.90000000e-05  1.70958698e+00 
 2.00000000e-05  1.71117035e+00 
 2.10000000e-05  1.71274742e+00 
 2.20000000e-05  1.71431776e+00 
 2.30000000e-05  1.71588094e+00 
 2.40000000e-05  1.71743656e+00 
 2.50000000e-05  1.71898420e+00 
 2.60000000e-05  1.72052345e+00 
 2.70000000e-05  1.72205390e+00 
 2.80000000e-05  1.72357514e+00 
 2.90000000e-05  1.72508677e+00 
 3.00000000e-05  1.72658838e+00 
 3.10000000e-05  1.72807959e+00 
 3.20000000e-05  1.72956001e+00 
 3.30000000e-05  1.73102924e+00 
 3.40000000e-05  1.73248692e+00 
 3.50000000e-05  1.73393266e+00 
 3.60000000e-05  1.73536610e+00 
 3.70000000e-05  1.73678688e+00 
 3.80000000e-05  1.73819465e+00 
 3.90000000e-05  1.73958906e+00 
 4.00000000e-05  1.74096979e+00 
 4.10000000e-05  1.74233650e+00 
 4.20000000e-05  1.74368887e+00 
 4.30000000e-05  1.74502660e+00 
 4.40000000e-05  1.74634939e+00 
 4.50000000e-05  1.74765696e+00 
 4.60000000e-05  1.74894902e+00 
 4.70000000e-05  1.75022531e+00 
 4.80000000e-05  1.75148558e+00 
 4.90000000e-05  1.75272959e+00 
 5.00000000e-05  1.75395710e+00 
 0.00000000e+00  1.68223183e+00 
 1.00000000e-06  1.68384647e+00 
 2.00000000e-06  1.68546175e+00 
 3.00000000e-06  1.68707731e+00 
 4.00000000e-06  1.68869276e+00 
 5.00000000e-06  1.69030772e+00 
 6.00000000e-06  1.69192182e+00 
 7.00000000e-06  1.69353466e+00 
 8.00000000e-06  1.69514586e+00 
 9.00000000e-06  1.69675500e+00 
 1.00000000e-05  1.69836171e+00 
 1.10000000e-05  1.69996556e+00 
 1.20000000e-05  1.70156618e+00 
 1.30000000e-05  1.70316313e+00 
 1.40000000e-05  1.70475603e+00 
 1.50000000e-05  1.70634446e+00 
 1.60000000e-05  1.70792801e+00 
 1.70000000e-05  1.70950627e+00 
 1.80000000e-05  1.71107883e+00 
 1.90000000e-05  1.71264529e+00 
 2.00000000e-05  1.71420522e+00 
 2.10000000e-05  1.71575821e+00 
 2.20000000e-05  1.71730387e+00 
 2.30000000e-05  1.71884178e+00 
 2.40000000e-05  1.72037154e+00 
 2.50000000e-05  1.72189275e+00 
 2.60000000e-05  1.72340500e+00 
 2.70000000e-05  1.72490789e+00 
 2.80000000e-05  1.72640105e+00 
 2.90000000e-05  1.72788407e+00 
 3.00000000e-05  1.72935656e+00 
 3.10000000e-05  1.73081816e+00 
 3.20000000e-05  1.73226849e+00 
 3.30000000e-05  1.73370718e+00 
 3.40000000e-05  1.73513386e+00 
 3.50000000e-05  1.73654818e+00 
 3.60000000e-05  1.73794979e+00 
 3.70000000e-05  1.73933836e+00 
 3.80000000e-05  1.74071354e+00 
 3.90000000e-05  1.74207502e+00 
 4.00000000e-05  1.74342247e+00 
 4.10000000e-05  1.74475560e+00 
 4.20000000e-05  1.74607411e+00 
 4.30000000e-05  1.74737770e+00 
 4.40000000e-05  1.74866610e+00 
 4.50000000e-05  1.74993905e+00 
 4.60000000e-05  1.75119630e+00 
 4.70000000e-05  1.75243759e+00 
 4.80000000e-05  1.75366270e+00 
 4.90000000e-05  1.75487141e+00 
 5.00000000e-05  1.75606350e+00 
 0.00000000e+00  1.68561196e+00 
 1.00000000e-06  1.68721449e+00 
 2.00000000e-06  1.68881698e+00 
 3.00000000e-06  1.69041907e+00 
 4.00000000e-06  1.69202036e+00 
 5.00000000e-06  1.69362048e+00 
 6.00000000e-06  1.69521905e+00 
 7.00000000e-06  1.69681569e+00 
 8.00000000e-06  1.69840999e+00 
 9.00000000e-06  1.70000157e+00 
 1.00000000e-05  1.70159004e+00 
 1.10000000e-05  1.70317499e+00 
 1.20000000e-05  1.70475603e+00 
 1.30000000e-05  1.70633276e+00 
 1.40000000e-05  1.70790477e+00 
 1.50000000e-05  1.70947167e+00 
 1.60000000e-05  1.71103305e+00 
 1.70000000e-05  1.71258851e+00 
 1.80000000e-05  1.71413764e+00 
 1.90000000e-05  1.71568005e+00 
 2.00000000e-05  1.71721533e+00 
 2.10000000e-05  1.71874308e+00 
 2.20000000e-05  1.72026290e+00 
 2.30000000e-05  1.72177441e+00 
 2.40000000e-05  1.72327720e+00 
 2.50000000e-05  1.72477088e+00 
 2.60000000e-05  1.72625508e+00 
 2.70000000e-05  1.72772940e+00 
 2.80000000e-05  1.72919346e+00 
 2.90000000e-05  1.73064690e+00 
 3.00000000e-05  1.73208934e+00 
 3.10000000e-05  1.73352041e+00 
 3.20000000e-05  1.73493977e+00 
 3.30000000e-05  1.73634706e+00 
 3.40000000e-05  1.73774194e+00 
 3.50000000e-05  1.73912406e+00 
 3.60000000e-05  1.74049310e+00 
 3.70000000e-05  1.74184874e+00 
 3.80000000e-05  1.74319066e+00 
 3.90000000e-05  1.74451856e+00 
 4.00000000e-05  1.74583214e+00 
 4.10000000e-05  1.74713112e+00 
 4.20000000e-05  1.74841522e+00 
 4.30000000e-05  1.74968418e+00 
 4.40000000e-05  1.75093774e+00 
 4.50000000e-05  1.75217566e+00 
 4.60000000e-05  1.75339770e+00 
 4.70000000e-05  1.75460365e+00 
 4.80000000e-05  1.75579329e+00 
 4.90000000e-05  1.75696643e+00 
 5.00000000e-05  1.75812289e+00 
 0.00000000e+00  1.68899079e+00 
 1.00000000e-06  1.69057979e+00 
 2.00000000e-06  1.69216807e+00 
 3.00000000e-06  1.69375527e+00 
 4.00000000e-06  1.69534099e+00 
 5.00000000e-06  1.69692487e+00 
 6.00000000e-06  1.69850652e+00 
 7.00000000e-06  1.70008556e+00 
 8.00000000e-06  1.70166161e+00 
 9.00000000e-06  1.70323427e+00 
 1.00000000e-05  1.70480315e+00 
 1.10000000e-05  1.70636786e+00 
 1.20000000e-05  1.70792801e+00 
 1.30000000e-05  1.70948321e+00 
 1.40000000e-05  1.71103305e+00 
 1.50000000e-05  1.71257715e+00 
 1.60000000e-05  1.71411511e+00 
 1.70000000e-05  1.71564653e+00 
 1.80000000e-05  1.71717103e+00 
 1.90000000e-05  1.71868820e+00 
 2.00000000e-05  1.72019766e+00 
 2.10000000e-05  1.72169903e+00 
 2.20000000e-05  1.72319191e+00 
 2.30000000e-05  1.72467591e+00 
 2.40000000e-05  1.72615067e+00 
 2.50000000e-05  1.72761580e+00 
 2.60000000e-05  1.72907093e+00 
 2.70000000e-05  1.73051569e+00 
 2.80000000e-05  1.73194972e+00 
 2.90000000e-05  1.73337265e+00 
 3.00000000e-05  1.73478415e+00 
 3.10000000e-05  1.73618385e+00 
 3.20000000e-05  1.73757142e+00 
 3.30000000e-05  1.73894652e+00 
 3.40000000e-05  1.74030884e+00 
 3.50000000e-05  1.74165804e+00 
 3.60000000e-05  1.74299383e+00 
 3.70000000e-05  1.74431589e+00 
 3.80000000e-05  1.74562393e+00 
 3.90000000e-05  1.74691767e+00 
 4.00000000e-05  1.74819684e+00 
 4.10000000e-05  1.74946117e+00 
 4.20000000e-05  1.75071041e+00 
 4.30000000e-05  1.75194431e+00 
 4.40000000e-05  1.75316263e+00 
 4.50000000e-05  1.75436517e+00 
 4.60000000e-05  1.75555170e+00 
 4.70000000e-05  1.75672203e+00 
 4.80000000e-05  1.75787597e+00 
 4.90000000e-05  1.75901334e+00 
 5.00000000e-05  1.76013399e+00 
 0.00000000e+00  1.69236487e+00 
 1.00000000e-06  1.69393891e+00 
 2.00000000e-06  1.69551157e+00 
 3.00000000e-06  1.69708246e+00 
 4.00000000e-06  1.69865122e+00 
 5.00000000e-06  1.70021747e+00 
 6.00000000e-06  1.70178082e+00 
 7.00000000e-06  1.70334091e+00 
 8.00000000e-06  1.70489734e+00 
 9.00000000e-06  1.70644973e+00 
 1.00000000e-05  1.70799770e+00 
 1.10000000e-05  1.70954087e+00 
 1.20000000e-05  1.71107883e+00 
 1.30000000e-05  1.71261122e+00 
 1.40000000e-05  1.71413764e+00 
 1.50000000e-05  1.71565770e+00 
 1.60000000e-05  1.71717103e+00 
 1.70000000e-05  1.71867722e+00 
 1.80000000e-05  1.72017591e+00 
 1.90000000e-05  1.72166671e+00 
 2.00000000e-05  1.72314923e+00 
 2.10000000e-05  1.72462311e+00 
 2.20000000e-05  1.72608797e+00 
 2.30000000e-05  1.72754344e+00 
 2.40000000e-05  1.72898915e+00 
 2.50000000e-05  1.73042473e+00 
 2.60000000e-05  1.73184984e+00 
 2.70000000e-05  1.73326412e+00 
 2.80000000e-05  1.73466722e+00 
 2.90000000e-05  1.73605879e+00 
 3.00000000e-05  1.73743851e+00 
 3.10000000e-05  1.73880604e+00 
 3.20000000e-05  1.74016106e+00 
 3.30000000e-05  1.74150325e+00 
 3.40000000e-05  1.74283232e+00 
 3.50000000e-05  1.74414794e+00 
 3.60000000e-05  1.74544985e+00 
 3.70000000e-05  1.74673775e+00 
 3.80000000e-05  1.74801137e+00 
 3.90000000e-05  1.74927046e+00 
 4.00000000e-05  1.75051474e+00 
 4.10000000e-05  1.75174399e+00 
 4.20000000e-05  1.75295796e+00 
 4.30000000e-05  1.75415644e+00 
 4.40000000e-05  1.75533921e+00 
 4.50000000e-05  1.75650608e+00 
 4.60000000e-05  1.75765686e+00 
 4.70000000e-05  1.75879136e+00 
 4.80000000e-05  1.75990943e+00 
 4.90000000e-05  1.76101091e+00 
 5.00000000e-05  1.76209566e+00 
 0.00000000e+00  1.69573066e+00 
 1.00000000e-06  1.69728834e+00 
 2.00000000e-06  1.69884397e+00 
 3.00000000e-06  1.70039717e+00 
 4.00000000e-06  1.70194757e+00 
 5.00000000e-06  1.70349481e+00 
 6.00000000e-06  1.70503851e+00 
 7.00000000e-06  1.70657829e+00 
 8.00000000e-06  1.70811378e+00 
 9.00000000e-06  1.70964459e+00 
 1.00000000e-05  1.71117035e+00 
 1.10000000e-05  1.71269069e+00 
 1.20000000e-05  1.71420521e+00 
 1.30000000e-05  1.71571355e+00 
 1.40000000e-05  1.71721533e+00 
 1.50000000e-05  1.71871015e+00 
 1.60000000e-05  1.72019766e+00 
 1.70000000e-05  1.72167748e+00 
 1.80000000e-05  1.72314923e+00 
 1.90000000e-05  1.72461255e+00 
 2.00000000e-05  1.72606706e+00 
 2.10000000e-05  1.72751241e+00 
 2.20000000e-05  1.72894823e+00 
 2.30000000e-05  1.73037416e+00 
 2.40000000e-05  1.73178986e+00 
 2.50000000e-05  1.73319498e+00 
 2.60000000e-05  1.73458917e+00 
 2.70000000e-05  1.73597209e+00 
 2.80000000e-05  1.73734342e+00 
 2.90000000e-05  1.73870284e+00 
 3.00000000e-05  1.74005001e+00 
 3.10000000e-05  1.74138463e+00 
 3.20000000e-05  1.74270641e+00 
 3.30000000e-05  1.74401503e+00 
 3.40000000e-05  1.74531021e+00 
 3.50000000e-05  1.74659168e+00 
 3.60000000e-05  1.74785916e+00 
 3.70000000e-05  1.74911238e+00 
 3.80000000e-05  1.75035111e+00 
 3.90000000e-05  1.75157509e+00 
 4.00000000e-05  1.75278409e+00 
 4.10000000e-05  1.75397789e+00 
 4.20000000e-05  1.75515627e+00 
 4.30000000e-05  1.75631905e+00 
 4.40000000e-05  1.75746602e+00 
 4.50000000e-05  1.75859702e+00 
 4.60000000e-05  1.75971186e+00 
 4.70000000e-05  1.76081041e+00 
 4.80000000e-05  1.76189251e+00 
 4.90000000e-05  1.76295803e+00 
 5.00000000e-05  1.76400686e+00 
 0.00000000e+00  1.69908460e+00 
 1.00000000e-06  1.70062451e+00 
 2.00000000e-06  1.70216171e+00 
 3.00000000e-06  1.70369584e+00 
 4.00000000e-06  1.70522653e+00 
 5.00000000e-06  1.70675341e+00 
 6.00000000e-06  1.70827612e+00 
 7.00000000e-06  1.70979427e+00 
 8.00000000e-06  1.71130751e+00 
 9.00000000e-06  1.71281547e+00 
 1.00000000e-05  1.71431776e+00 
 1.10000000e-05  1.71581401e+00 
 1.20000000e-05  1.71730387e+00 
 1.30000000e-05  1.71878696e+00 
 1.40000000e-05  1.72026290e+00 
 1.50000000e-05  1.72173134e+00 
 1.60000000e-05  1.72319191e+00 
 1.70000000e-05  1.72464424e+00 
 1.80000000e-05  1.72608797e+00 
 1.90000000e-05  1.72752275e+00 
 2.00000000e-05  1.72894823e+00 
 2.10000000e-05  1.73036404e+00 
 2.20000000e-05  1.73176986e+00 
 2.30000000e-05  1.73316532e+00 
 2.40000000e-05  1.73455011e+00 
 2.50000000e-05  1.73592388e+00 
 2.60000000e-05  1.73728631e+00 
 2.70000000e-05  1.73863708e+00 
 2.80000000e-05  1.73997587e+00 
 2.90000000e-05  1.74130239e+00 
 3.00000000e-05  1.74261632e+00 
 3.10000000e-05  1.74391737e+00 
 3.20000000e-05  1.74520526e+00 
 3.30000000e-05  1.74647972e+00 
 3.40000000e-05  1.74774047e+00 
 3.50000000e-05  1.74898726e+00 
 3.60000000e-05  1.75021982e+00 
 3.70000000e-05  1.75143793e+00 
 3.80000000e-05  1.75264136e+00 
 3.90000000e-05  1.75382987e+00 
 4.00000000e-05  1.75500325e+00 
 4.10000000e-05  1.75616132e+00 
 4.20000000e-05  1.75730387e+00 
 4.30000000e-05  1.75843072e+00 
 4.40000000e-05  1.75954172e+00 
 4.50000000e-05  1.76063670e+00 
 4.60000000e-05  1.76171552e+00 
 4.70000000e-05  1.76277804e+00 
 4.80000000e-05  1.76382414e+00 
 4.90000000e-05  1.76485372e+00 
 5.00000000e-05  1.76586667e+00 
 0.00000000e+00  1.70242305e+00 
 1.00000000e-06  1.70394381e+00 
 2.00000000e-06  1.70546123e+00 
 3.00000000e-06  1.70697493e+00 
 4.00000000e-06  1.70848456e+00 
 5.00000000e-06  1.70998976e+00 
 6.00000000e-06  1.71149017e+00 
 7.00000000e-06  1.71298541e+00 
 8.00000000e-06  1.71447514e+00 
 9.00000000e-06  1.71595897e+00 
 1.00000000e-05  1.71743656e+00 
 1.10000000e-05  1.71890754e+00 
 1.20000000e-05  1.72037154e+00 
 1.30000000e-05  1.72182822e+00 
 1.40000000e-05  1.72327720e+00 
 1.50000000e-05  1.72471813e+00 
 1.60000000e-05  1.72615067e+00 
 1.70000000e-05  1.72757446e+00 
 1.80000000e-05  1.72898915e+00 
 1.90000000e-05  1.73039439e+00 
 2.00000000e-05  1.73178986e+00 
 2.10000000e-05  1.73317521e+00 
 2.20000000e-05  1.73455011e+00 
 2.30000000e-05  1.73591423e+00 
 2.40000000e-05  1.73726726e+00 
 2.50000000e-05  1.73860888e+00 
 2.60000000e-05  1.73993878e+00 
 2.70000000e-05  1.74125665e+00 
 2.80000000e-05  1.74256220e+00 
 2.90000000e-05  1.74385514e+00 
 3.00000000e-05  1.74513520e+00 
 3.10000000e-05  1.74640208e+00 
 3.20000000e-05  1.74765554e+00 
 3.30000000e-05  1.74889531e+00 
 3.40000000e-05  1.75012114e+00 
 3.50000000e-05  1.75133280e+00 
 3.60000000e-05  1.75253005e+00 
 3.70000000e-05  1.75371267e+00 
 3.80000000e-05  1.75488046e+00 
 3.90000000e-05  1.75603321e+00 
 4.00000000e-05  1.75717072e+00 
 4.10000000e-05  1.75829284e+00 
 4.20000000e-05  1.75939937e+00 
 4.30000000e-05  1.76049017e+00 
 4.40000000e-05  1.76156508e+00 
 4.50000000e-05  1.76262399e+00 
 4.60000000e-05  1.76366675e+00 
 4.70000000e-05  1.76469325e+00 
 4.80000000e-05  1.76570341e+00 
 4.90000000e-05  1.76669712e+00 
 5.00000000e-05  1.76767431e+00 
 0.00000000e+00  1.70574237e+00 
 1.00000000e-06  1.70724263e+00 
 2.00000000e-06  1.70873890e+00 
 3.00000000e-06  1.71023085e+00 
 4.00000000e-06  1.71171812e+00 
 5.00000000e-06  1.71320035e+00 
 6.00000000e-06  1.71467718e+00 
 7.00000000e-06  1.71614826e+00 
 8.00000000e-06  1.71761324e+00 
 9.00000000e-06  1.71907175e+00 
 1.00000000e-05  1.72052345e+00 
 1.10000000e-05  1.72196798e+00 
 1.20000000e-05  1.72340500e+00 
 1.30000000e-05  1.72483414e+00 
 1.40000000e-05  1.72625508e+00 
 1.50000000e-05  1.72766745e+00 
 1.60000000e-05  1.72907093e+00 
 1.70000000e-05  1.73046517e+00 
 1.80000000e-05  1.73184984e+00 
 1.90000000e-05  1.73322462e+00 
 2.00000000e-05  1.73458916e+00 
 2.10000000e-05  1.73594317e+00 
 2.20000000e-05  1.73728631e+00 
 2.30000000e-05  1.73861828e+00 
 2.40000000e-05  1.73993878e+00 
 2.50000000e-05  1.74124750e+00 
 2.60000000e-05  1.74254415e+00 
 2.70000000e-05  1.74382845e+00 
 2.80000000e-05  1.74510013e+00 
 2.90000000e-05  1.74635890e+00 
 3.00000000e-05  1.74760452e+00 
 3.10000000e-05  1.74883672e+00 
 3.20000000e-05  1.75005525e+00 
 3.30000000e-05  1.75125988e+00 
 3.40000000e-05  1.75245039e+00 
 3.50000000e-05  1.75362654e+00 
 3.60000000e-05  1.75478814e+00 
 3.70000000e-05  1.75593499e+00 
 3.80000000e-05  1.75706688e+00 
 3.90000000e-05  1.75818365e+00 
 4.00000000e-05  1.75928512e+00 
 4.10000000e-05  1.76037113e+00 
 4.20000000e-05  1.76144155e+00 
 4.30000000e-05  1.76249622e+00 
 4.40000000e-05  1.76353503e+00 
 4.50000000e-05  1.76455786e+00 
 4.60000000e-05  1.76556460e+00 
 4.70000000e-05  1.76655517e+00 
 4.80000000e-05  1.76752949e+00 
 4.90000000e-05  1.76848749e+00 
 5.00000000e-05  1.76942910e+00 
 0.00000000e+00  1.70903888e+00 
 1.00000000e-06  1.71051730e+00 
 2.00000000e-06  1.71199113e+00 
 3.00000000e-06  1.71346004e+00 
 4.00000000e-06  1.71492367e+00 
 5.00000000e-06  1.71638167e+00 
 6.00000000e-06  1.71783370e+00 
 7.00000000e-06  1.71927940e+00 
 8.00000000e-06  1.72071844e+00 
 9.00000000e-06  1.72215047e+00 
 1.00000000e-05  1.72357514e+00 
 1.10000000e-05  1.72499211e+00 
 1.20000000e-05  1.72640105e+00 
 1.30000000e-05  1.72780161e+00 
 1.40000000e-05  1.72919346e+00 
 1.50000000e-05  1.73057627e+00 
 1.60000000e-05  1.73194972e+00 
 1.70000000e-05  1.73331347e+00 
 1.80000000e-05  1.73466722e+00 
 1.90000000e-05  1.73601064e+00 
 2.00000000e-05  1.73734342e+00 
 2.10000000e-05  1.73866527e+00 
 2.20000000e-05  1.73997587e+00 
 2.30000000e-05  1.74127495e+00 
 2.40000000e-05  1.74256220e+00 
 2.50000000e-05  1.74383735e+00 
 2.60000000e-05  1.74510013e+00 
 2.70000000e-05  1.74635027e+00 
 2.80000000e-05  1.74758750e+00 
 2.90000000e-05  1.74881158e+00 
 3.00000000e-05  1.75002227e+00 
 3.10000000e-05  1.75121933e+00 
 3.20000000e-05  1.75240253e+00 
 3.30000000e-05  1.75357165e+00 
 3.40000000e-05  1.75472650e+00 
 3.50000000e-05  1.75586686e+00 
 3.60000000e-05  1.75699255e+00 
 3.70000000e-05  1.75810339e+00 
 3.80000000e-05  1.75919921e+00 
 3.90000000e-05  1.76027986e+00 
 4.00000000e-05  1.76134517e+00 
 4.10000000e-05  1.76239503e+00 
 4.20000000e-05  1.76342929e+00 
 4.30000000e-05  1.76444784e+00 
 4.40000000e-05  1.76545059e+00 
 4.50000000e-05  1.76643743e+00 
 4.60000000e-05  1.76740827e+00 
 4.70000000e-05  1.76836306e+00 
 4.80000000e-05  1.76930173e+00 
 4.90000000e-05  1.77022422e+00 
 5.00000000e-05  1.77113051e+00 
 0.00000000e+00  1.71230891e+00 
 1.00000000e-06  1.71376419e+00 
 2.00000000e-06  1.71521431e+00 
 3.00000000e-06  1.71665892e+00 
 4.00000000e-06  1.71809767e+00 
 5.00000000e-06  1.71953024e+00 
 6.00000000e-06  1.72095627e+00 
 7.00000000e-06  1.72237544e+00 
 8.00000000e-06  1.72378740e+00 
 9.00000000e-06  1.72519183e+00 
 1.00000000e-05  1.72658838e+00 
 1.10000000e-05  1.72797674e+00 
 1.20000000e-05  1.72935656e+00 
 1.30000000e-05  1.73072754e+00 
 1.40000000e-05  1.73208934e+00 
 1.50000000e-05  1.73344164e+00 
 1.60000000e-05  1.73478415e+00 
 1.70000000e-05  1.73611654e+00 
 1.80000000e-05  1.73743851e+00 
 1.90000000e-05  1.73874977e+00 
 2.00000000e-05  1.74005001e+00 
 2.10000000e-05  1.74133895e+00 
 2.20000000e-05  1.74261632e+00 
 2.30000000e-05  1.74388182e+00 
 2.40000000e-05  1.74513520e+00 
 2.50000000e-05  1.74637618e+00 
 2.60000000e-05  1.74760452e+00 
 2.70000000e-05  1.74881996e+00 
 2.80000000e-05  1.75002227e+00 
 2.90000000e-05  1.75121121e+00 
 3.00000000e-05  1.75238656e+00 
 3.10000000e-05  1.75354811e+00 
 3.20000000e-05  1.75469564e+00 
 3.30000000e-05  1.75582896e+00 
 3.40000000e-05  1.75694789e+00 
 3.50000000e-05  1.75805224e+00 
 3.60000000e-05  1.75914184e+00 
 3.70000000e-05  1.76021654e+00 
 3.80000000e-05  1.76127618e+00 
 3.90000000e-05  1.76232064e+00 
 4.00000000e-05  1.76334977e+00 
 4.10000000e-05  1.76436347e+00 
 4.20000000e-05  1.76536163e+00 
 4.30000000e-05  1.76634415e+00 
 4.40000000e-05  1.76731094e+00 
 4.50000000e-05  1.76826194e+00 
 4.60000000e-05  1.76919708e+00 
 4.70000000e-05  1.77011630e+00 
 4.80000000e-05  1.77101957e+00 
 4.90000000e-05  1.77190685e+00 
 5.00000000e-05  1.77277813e+00 
 0.00000000e+00  1.71554878e+00 
 1.00000000e-06  1.71697968e+00 
 2.00000000e-06  1.71840485e+00 
 3.00000000e-06  1.71982394e+00 
 4.00000000e-06  1.72123664e+00 
 5.00000000e-06  1.72264261e+00 
 6.00000000e-06  1.72404151e+00 
 7.00000000e-06  1.72543303e+00 
 8.00000000e-06  1.72681683e+00 
 9.00000000e-06  1.72819260e+00 
 1.00000000e-05  1.72956001e+00 
 1.10000000e-05  1.73091874e+00 
 1.20000000e-05  1.73226849e+00 
 1.30000000e-05  1.73360894e+00 
 1.40000000e-05  1.73493977e+00 
 1.50000000e-05  1.73626070e+00 
 1.60000000e-05  1.73757142e+00 
 1.70000000e-05  1.73887164e+00 
 1.80000000e-05  1.74016106e+00 
 1.90000000e-05  1.74143941e+00 
 2.00000000e-05  1.74270641e+00 
 2.10000000e-05  1.74396178e+00 
 2.20000000e-05  1.74520526e+00 
 2.30000000e-05  1.74643660e+00 
 2.40000000e-05  1.74765554e+00 
 2.50000000e-05  1.74886184e+00 
 2.60000000e-05  1.75005525e+00 
 2.70000000e-05  1.75123555e+00 
 2.80000000e-05  1.75240253e+00 
 2.90000000e-05  1.75355596e+00 
 3.00000000e-05  1.75469564e+00 
 3.10000000e-05  1.75582138e+00 
 3.20000000e-05  1.75693299e+00 
 3.30000000e-05  1.75803029e+00 
 3.40000000e-05  1.75911312e+00 
 3.50000000e-05  1.76018131e+00 
 3.60000000e-05  1.76123473e+00 
 3.70000000e-05  1.76227322e+00 
 3.80000000e-05  1.76329666e+00 
 3.90000000e-05  1.76430494e+00 
 4.00000000e-05  1.76529794e+00 
 4.10000000e-05  1.76627557e+00 
 4.20000000e-05  1.76723774e+00 
 4.30000000e-05  1.76818438e+00 
 4.40000000e-05  1.76911541e+00 
 4.50000000e-05  1.77003079e+00 
 4.60000000e-05  1.77093047e+00 
 4.70000000e-05  1.77181442e+00 
 4.80000000e-05  1.77268261e+00 
 4.90000000e-05  1.77353503e+00 
 5.00000000e-05  1.77437168e+00 
 0.00000000e+00  1.71875487e+00 
 1.00000000e-06  1.72016017e+00 
 2.00000000e-06  1.72155920e+00 
 3.00000000e-06  1.72295163e+00 
 4.00000000e-06  1.72433713e+00 
 5.00000000e-06  1.72571539e+00 
 6.00000000e-06  1.72708608e+00 
 7.00000000e-06  1.72844889e+00 
 8.00000000e-06  1.72980351e+00 
 9.00000000e-06  1.73114962e+00 
 1.00000000e-05  1.73248692e+00 
 1.10000000e-05  1.73381510e+00 
 1.20000000e-05  1.73513386e+00 
 1.30000000e-05  1.73644290e+00 
 1.40000000e-05  1.73774194e+00 
 1.50000000e-05  1.73903068e+00 
 1.60000000e-05  1.74030884e+00 
 1.70000000e-05  1.74157614e+00 
 1.80000000e-05  1.74283232e+00 
 1.90000000e-05  1.74407709e+00 
 2.00000000e-05  1.74531021e+00 
 2.10000000e-05  1.74653142e+00 
 2.20000000e-05  1.74774047e+00 
 2.30000000e-05  1.74893712e+00 
 2.40000000e-05  1.75012114e+00 
 2.50000000e-05  1.75129230e+00 
 2.60000000e-05  1.75245039e+00 
 2.70000000e-05  1.75359519e+00 
 2.80000000e-05  1.75472650e+00 
 2.90000000e-05  1.75584413e+00 
 3.00000000e-05  1.75694789e+00 
 3.10000000e-05  1.75803761e+00 
 3.20000000e-05  1.75911312e+00 
 3.30000000e-05  1.76017427e+00 
 3.40000000e-05  1.76122090e+00 
 3.50000000e-05  1.76225288e+00 
 3.60000000e-05  1.76327008e+00 
 3.70000000e-05  1.76427237e+00 
 3.80000000e-05  1.76525967e+00 
 3.90000000e-05  1.76623185e+00 
 4.00000000e-05  1.76718884e+00 
 4.10000000e-05  1.76813056e+00 
 4.20000000e-05  1.76905694e+00 
 4.30000000e-05  1.76996792e+00 
 4.40000000e-05  1.77086345e+00 
 4.50000000e-05  1.77174351e+00 
 4.60000000e-05  1.77260806e+00 
 4.70000000e-05  1.77345708e+00 
 4.80000000e-05  1.77429058e+00 
 4.90000000e-05  1.77510855e+00 
 5.00000000e-05  1.77591101e+00 
 0.00000000e+00  1.72192355e+00 
 1.00000000e-06  1.72330211e+00 
 2.00000000e-06  1.72467388e+00 
 3.00000000e-06  1.72603853e+00 
 4.00000000e-06  1.72739576e+00 
 5.00000000e-06  1.72874525e+00 
 6.00000000e-06  1.73008671e+00 
 7.00000000e-06  1.73141982e+00 
 8.00000000e-06  1.73274429e+00 
 9.00000000e-06  1.73405981e+00 
 1.00000000e-05  1.73536610e+00 
 1.10000000e-05  1.73666285e+00 
 1.20000000e-05  1.73794979e+00 
 1.30000000e-05  1.73922663e+00 
 1.40000000e-05  1.74049310e+00 
 1.50000000e-05  1.74174892e+00 
 1.60000000e-05  1.74299383e+00 
 1.70000000e-05  1.74422755e+00 
 1.80000000e-05  1.74544985e+00 
 1.90000000e-05  1.74666047e+00 
 2.00000000e-05  1.74785916e+00 
 2.10000000e-05  1.74904569e+00 
 2.20000000e-05  1.75021982e+00 
 2.30000000e-05  1.75138135e+00 
 2.40000000e-05  1.75253005e+00 
 2.50000000e-05  1.75366571e+00 
 2.60000000e-05  1.75478814e+00 
 2.70000000e-05  1.75589715e+00 
 2.80000000e-05  1.75699255e+00 
 2.90000000e-05  1.75807417e+00 
 3.00000000e-05  1.75914184e+00 
 3.10000000e-05  1.76019541e+00 
 3.20000000e-05  1.76123473e+00 
 3.30000000e-05  1.76225966e+00 
 3.40000000e-05  1.76327008e+00 
 3.50000000e-05  1.76426586e+00 
 3.60000000e-05  1.76524690e+00 
 3.70000000e-05  1.76621310e+00 
 3.80000000e-05  1.76716436e+00 
 3.90000000e-05  1.76810062e+00 
 4.00000000e-05  1.76902179e+00 
 4.10000000e-05  1.76992783e+00 
 4.20000000e-05  1.77081868e+00 
 4.30000000e-05  1.77169430e+00 
 4.40000000e-05  1.77255466e+00 
 4.50000000e-05  1.77339975e+00 
 4.60000000e-05  1.77422956e+00 
 4.70000000e-05  1.77504408e+00 
 4.80000000e-05  1.77584333e+00 
 4.90000000e-05  1.77662733e+00 
 5.00000000e-05  1.77739611e+00 
 0.00000000e+00  1.72505130e+00 
 1.00000000e-06  1.72640201e+00 
 2.00000000e-06  1.72774544e+00 
 3.00000000e-06  1.72908127e+00 
 4.00000000e-06  1.73040921e+00 
 5.00000000e-06  1.73172896e+00 
 6.00000000e-06  1.73304022e+00 
 7.00000000e-06  1.73434271e+00 
 8.00000000e-06  1.73563613e+00 
 9.00000000e-06  1.73692020e+00 
 1.00000000e-05  1.73819465e+00 
 1.10000000e-05  1.73945918e+00 
 1.20000000e-05  1.74071354e+00 
 1.30000000e-05  1.74195745e+00 
 1.40000000e-05  1.74319066e+00 
 1.50000000e-05  1.74441290e+00 
 1.60000000e-05  1.74562393e+00 
 1.70000000e-05  1.74682350e+00 
 1.80000000e-05  1.74801137e+00 
 1.90000000e-05  1.74918732e+00 
 2.00000000e-05  1.75035111e+00 
 2.10000000e-05  1.75150252e+00 
 2.20000000e-05  1.75264136e+00 
 2.30000000e-05  1.75376740e+00 
 2.40000000e-05  1.75488046e+00 
 2.50000000e-05  1.75598035e+00 
 2.60000000e-05  1.75706688e+00 
 2.70000000e-05  1.75813989e+00 
 2.80000000e-05  1.75919921e+00 
 2.90000000e-05  1.76024469e+00 
 3.00000000e-05  1.76127618e+00 
 3.10000000e-05  1.76229355e+00 
 3.20000000e-05  1.76329666e+00 
 3.30000000e-05  1.76428540e+00 
 3.40000000e-05  1.76525967e+00 
 3.50000000e-05  1.76621935e+00 
 3.60000000e-05  1.76716436e+00 
 3.70000000e-05  1.76809463e+00 
 3.80000000e-05  1.76901007e+00 
 3.90000000e-05  1.76991063e+00 
 4.00000000e-05  1.77079626e+00 
 4.10000000e-05  1.77166692e+00 
 4.20000000e-05  1.77252257e+00 
 4.30000000e-05  1.77336320e+00 
 4.40000000e-05  1.77418879e+00 
 4.50000000e-05  1.77499934e+00 
 4.60000000e-05  1.77579486e+00 
 4.70000000e-05  1.77657536e+00 
 4.80000000e-05  1.77734087e+00 
 4.90000000e-05  1.77809143e+00 
 5.00000000e-05  1.77882708e+00 
 0.00000000e+00  1.72813464e+00 
 1.00000000e-06  1.72945647e+00 
 2.00000000e-06  1.73077055e+00 
 3.00000000e-06  1.73207658e+00 
 4.00000000e-06  1.73337428e+00 
 5.00000000e-06  1.73466336e+00 
 6.00000000e-06  1.73594355e+00 
 7.00000000e-06  1.73721455e+00 
 8.00000000e-06  1.73847611e+00 
 9.00000000e-06  1.73972794e+00 
 1.00000000e-05  1.74096979e+00 
 1.10000000e-05  1.74220138e+00 
 1.20000000e-05  1.74342247e+00 
 1.30000000e-05  1.74463281e+00 
 1.40000000e-05  1.74583214e+00 
 1.50000000e-05  1.74702023e+00 
 1.60000000e-05  1.74819684e+00 
 1.70000000e-05  1.74936175e+00 
 1.80000000e-05  1.75051474e+00 
 1.90000000e-05  1.75165559e+00 
 2.00000000e-05  1.75278409e+00 
 2.10000000e-05  1.75390004e+00 
 2.20000000e-05  1.75500325e+00 
 2.30000000e-05  1.75609354e+00 
 2.40000000e-05  1.75717072e+00 
 2.50000000e-05  1.75823464e+00 
 2.60000000e-05  1.75928512e+00 
 2.70000000e-05  1.76032201e+00 
 2.80000000e-05  1.76134517e+00 
 2.90000000e-05  1.76235447e+00 
 3.00000000e-05  1.76334977e+00 
 3.10000000e-05  1.76433097e+00 
 3.20000000e-05  1.76529794e+00 
 3.30000000e-05  1.76625060e+00 
 3.40000000e-05  1.76718884e+00 
 3.50000000e-05  1.76811260e+00 
 3.60000000e-05  1.76902179e+00 
 3.70000000e-05  1.76991637e+00 
 3.80000000e-05  1.77079626e+00 
 3.90000000e-05  1.77166144e+00 
 4.00000000e-05  1.77251187e+00 
 4.10000000e-05  1.77334752e+00 
 4.20000000e-05  1.77416838e+00 
 4.30000000e-05  1.77497444e+00 
 4.40000000e-05  1.77576572e+00 
 4.50000000e-05  1.77654221e+00 
 4.60000000e-05  1.77730396e+00 
 4.70000000e-05  1.77805098e+00 
 4.80000000e-05  1.77878332e+00 
 4.90000000e-05  1.77950103e+00 
 5.00000000e-05  1.78020417e+00 
 0.00000000e+00  1.73117020e+00 
 1.00000000e-06  1.73246217e+00 
 2.00000000e-06  1.73374595e+00 
 3.00000000e-06  1.73502128e+00 
 4.00000000e-06  1.73628786e+00 
 5.00000000e-06  1.73754543e+00 
 6.00000000e-06  1.73879372e+00 
 7.00000000e-06  1.74003247e+00 
 8.00000000e-06  1.74126141e+00 
 9.00000000e-06  1.74248030e+00 
 1.00000000e-05  1.74368887e+00 
 1.10000000e-05  1.74488689e+00 
 1.20000000e-05  1.74607411e+00 
 1.30000000e-05  1.74725029e+00 
 1.40000000e-05  1.74841522e+00 
 1.50000000e-05  1.74956867e+00 
 1.60000000e-05  1.75071041e+00 
 1.70000000e-05  1.75184024e+00 
 1.80000000e-05  1.75295796e+00 
 1.90000000e-05  1.75406337e+00 
 2.00000000e-05  1.75515627e+00 
 2.10000000e-05  1.75623650e+00 
 2.20000000e-05  1.75730387e+00 
 2.30000000e-05  1.75835821e+00 
 2.40000000e-05  1.75939937e+00 
 2.50000000e-05  1.76042720e+00 
 2.60000000e-05  1.76144155e+00 
 2.70000000e-05  1.76244229e+00 
 2.80000000e-05  1.76342929e+00 
 2.90000000e-05  1.76440244e+00 
 3.00000000e-05  1.76536163e+00 
 3.10000000e-05  1.76630676e+00 
 3.20000000e-05  1.76723774e+00 
 3.30000000e-05  1.76815449e+00 
 3.40000000e-05  1.76905694e+00 
 3.50000000e-05  1.76994502e+00 
 3.60000000e-05  1.77081868e+00 
 3.70000000e-05  1.77167788e+00 
 3.80000000e-05  1.77252257e+00 
 3.90000000e-05  1.77335275e+00 
 4.00000000e-05  1.77416838e+00 
 4.10000000e-05  1.77496946e+00 
 4.20000000e-05  1.77575600e+00 
 4.30000000e-05  1.77652799e+00 
 4.40000000e-05  1.77728548e+00 
 4.50000000e-05  1.77802847e+00 
 4.60000000e-05  1.77875701e+00 
 4.70000000e-05  1.77947115e+00 
 4.80000000e-05  1.78017094e+00 
 4.90000000e-05  1.78085643e+00 
 5.00000000e-05  1.78152772e+00 
 0.00000000e+00  1.73415469e+00 
 1.00000000e-06  1.73541591e+00 
 2.00000000e-06  1.73666853e+00 
 3.00000000e-06  1.73791231e+00 
 4.00000000e-06  1.73914697e+00 
 5.00000000e-06  1.74037227e+00 
 6.00000000e-06  1.74158793e+00 
 7.00000000e-06  1.74279372e+00 
 8.00000000e-06  1.74398938e+00 
 9.00000000e-06  1.74517469e+00 
 1.00000000e-05  1.74634939e+00 
 1.10000000e-05  1.74751327e+00 
 1.20000000e-05  1.74866610e+00 
 1.30000000e-05  1.74980766e+00 
 1.40000000e-05  1.75093774e+00 
 1.50000000e-05  1.75205613e+00 
 1.60000000e-05  1.75316263e+00 
 1.70000000e-05  1.75425706e+00 
 1.80000000e-05  1.75533921e+00 
 1.90000000e-05  1.75640893e+00 
 2.00000000e-05  1.75746602e+00 
 2.10000000e-05  1.75851034e+00 
 2.20000000e-05  1.75954172e+00 
 2.30000000e-05  1.76056002e+00 
 2.40000000e-05  1.76156508e+00 
 2.50000000e-05  1.76255680e+00 
 2.60000000e-05  1.76353503e+00 
 2.70000000e-05  1.76449966e+00 
 2.80000000e-05  1.76545059e+00 
 2.90000000e-05  1.76638771e+00 
 3.00000000e-05  1.76731094e+00 
 3.10000000e-05  1.76822020e+00 
 3.20000000e-05  1.76911541e+00 
 3.30000000e-05  1.76999652e+00 
 3.40000000e-05  1.77086345e+00 
 3.50000000e-05  1.77171618e+00 
 3.60000000e-05  1.77255466e+00 
 3.70000000e-05  1.77337887e+00 
 3.80000000e-05  1.77418879e+00 
 3.90000000e-05  1.77498440e+00 
 4.00000000e-05  1.77576572e+00 
 4.10000000e-05  1.77653274e+00 
 4.20000000e-05  1.77728548e+00 
 4.30000000e-05  1.77802396e+00 
 4.40000000e-05  1.77874823e+00 
 4.50000000e-05  1.77945833e+00 
 4.60000000e-05  1.78015430e+00 
 4.70000000e-05  1.78083620e+00 
 4.80000000e-05  1.78150410e+00 
 4.90000000e-05  1.78215808e+00 
 5.00000000e-05  1.78279822e+00 
 0.00000000e+00  1.73708497e+00 
 1.00000000e-06  1.73831461e+00 
 2.00000000e-06  1.73953529e+00 
 3.00000000e-06  1.74074677e+00 
 4.00000000e-06  1.74194879e+00 
 5.00000000e-06  1.74314111e+00 
 6.00000000e-06  1.74432349e+00 
 7.00000000e-06  1.74549570e+00 
 8.00000000e-06  1.74665751e+00 
 9.00000000e-06  1.74780869e+00 
 1.00000000e-05  1.74894902e+00 
 1.10000000e-05  1.75007829e+00 
 1.20000000e-05  1.75119630e+00 
 1.30000000e-05  1.75230283e+00 
 1.40000000e-05  1.75339770e+00 
 1.50000000e-05  1.75448072e+00 
 1.60000000e-05  1.75555170e+00 
 1.70000000e-05  1.75661047e+00 
 1.80000000e-05  1.75765686e+00 
 1.90000000e-05  1.75869071e+00 
 2.00000000e-05  1.75971186e+00 
 2.10000000e-05  1.76072018e+00 
 2.20000000e-05  1.76171552e+00 
 2.30000000e-05  1.76269775e+00 
 2.40000000e-05  1.76366675e+00 
 2.50000000e-05  1.76462240e+00 
 2.60000000e-05  1.76556460e+00 
 2.70000000e-05  1.76649326e+00 
 2.80000000e-05  1.76740827e+00 
 2.90000000e-05  1.76830957e+00 
 3.00000000e-05  1.76919708e+00 
 3.10000000e-05  1.77007073e+00 
 3.20000000e-05  1.77093047e+00 
 3.30000000e-05  1.77177626e+00 
 3.40000000e-05  1.77260806e+00 
 3.50000000e-05  1.77342583e+00 
 3.60000000e-05  1.77422956e+00 
 3.70000000e-05  1.77501924e+00 
 3.80000000e-05  1.77579486e+00 
 3.90000000e-05  1.77655643e+00 
 4.00000000e-05  1.77730396e+00 
 4.10000000e-05  1.77803748e+00 
 4.20000000e-05  1.77875701e+00 
 4.30000000e-05  1.77946260e+00 
 4.40000000e-05  1.78015430e+00 
 4.50000000e-05  1.78083215e+00 
 4.60000000e-05  1.78149622e+00 
 4.70000000e-05  1.78214659e+00 
 4.80000000e-05  1.78278332e+00 
 4.90000000e-05  1.78340651e+00 
 5.00000000e-05  1.78401626e+00 
 0.00000000e+00  1.73995804e+00 
 1.00000000e-06  1.74115535e+00 
 2.00000000e-06  1.74234337e+00 
 3.00000000e-06  1.74352187e+00 
 4.00000000e-06  1.74469061e+00 
 5.00000000e-06  1.74584936e+00 
 6.00000000e-06  1.74699789e+00 
 7.00000000e-06  1.74813599e+00 
 8.00000000e-06  1.74926345e+00 
 9.00000000e-06  1.75038004e+00 
 1.00000000e-05  1.75148558e+00 
 1.10000000e-05  1.75257986e+00 
 1.20000000e-05  1.75366270e+00 
 1.30000000e-05  1.75473390e+00 
 1.40000000e-05  1.75579329e+00 
 1.50000000e-05  1.75684070e+00 
 1.60000000e-05  1.75787597e+00 
 1.70000000e-05  1.75889892e+00 
 1.80000000e-05  1.75990943e+00 
 1.90000000e-05  1.76090733e+00 
 2.00000000e-05  1.76189251e+00 
 2.10000000e-05  1.76286482e+00 
 2.20000000e-05  1.76382414e+00 
 2.30000000e-05  1.76477037e+00 
 2.40000000e-05  1.76570341e+00 
 2.50000000e-05  1.76662314e+00 
 2.60000000e-05  1.76752949e+00 
 2.70000000e-05  1.76842238e+00 
 2.80000000e-05  1.76930173e+00 
 2.90000000e-05  1.77016748e+00 
 3.00000000e-05  1.77101957e+00 
 3.10000000e-05  1.77185796e+00 
 3.20000000e-05  1.77268261e+00 
 3.30000000e-05  1.77349349e+00 
 3.40000000e-05  1.77429058e+00 
 3.50000000e-05  1.77507386e+00 
 3.60000000e-05  1.77584333e+00 
 3.70000000e-05  1.77659900e+00 
 3.80000000e-05  1.77734087e+00 
 3.90000000e-05  1.77806897e+00 
 4.00000000e-05  1.77878332e+00 
 4.10000000e-05  1.77948396e+00 
 4.20000000e-05  1.78017094e+00 
 4.30000000e-05  1.78084430e+00 
 4.40000000e-05  1.78150410e+00 
 4.50000000e-05  1.78215042e+00 
 4.60000000e-05  1.78278332e+00 
 4.70000000e-05  1.78340289e+00 
 4.80000000e-05  1.78400922e+00 
 4.90000000e-05  1.78460240e+00 
 5.00000000e-05  1.78518253e+00 
 0.00000000e+00  1.74277103e+00 
 1.00000000e-06  1.74393536e+00 
 2.00000000e-06  1.74509010e+00 
 3.00000000e-06  1.74623503e+00 
 4.00000000e-06  1.74736993e+00 
 5.00000000e-06  1.74849459e+00 
 6.00000000e-06  1.74960880e+00 
 7.00000000e-06  1.75071235e+00 
 8.00000000e-06  1.75180504e+00 
 9.00000000e-06  1.75288669e+00 
 1.00000000e-05  1.75395710e+00 
 1.10000000e-05  1.75501610e+00 
 1.20000000e-05  1.75606350e+00 
 1.30000000e-05  1.75709916e+00 
 1.40000000e-05  1.75812289e+00 
 1.50000000e-05  1.75913455e+00 
 1.60000000e-05  1.76013399e+00 
 1.70000000e-05  1.76112107e+00 
 1.80000000e-05  1.76209566e+00 
 1.90000000e-05  1.76305763e+00 
 2.00000000e-05  1.76400686e+00 
 2.10000000e-05  1.76494324e+00 
 2.20000000e-05  1.76586667e+00 
 2.30000000e-05  1.76677706e+00 
 2.40000000e-05  1.76767431e+00 
 2.50000000e-05  1.76855835e+00 
 2.60000000e-05  1.76942910e+00 
 2.70000000e-05  1.77028651e+00 
 2.80000000e-05  1.77113051e+00 
 2.90000000e-05  1.77196107e+00 
 3.00000000e-05  1.77277813e+00 
 3.10000000e-05  1.77358168e+00 
 3.20000000e-05  1.77437168e+00 
 3.30000000e-05  1.77514813e+00 
 3.40000000e-05  1.77591101e+00 
 3.50000000e-05  1.77666034e+00 
 3.60000000e-05  1.77739611e+00 
 3.70000000e-05  1.77811835e+00 
 3.80000000e-05  1.77882708e+00 
 3.90000000e-05  1.77952234e+00 
 4.00000000e-05  1.78020417e+00 
 4.10000000e-05  1.78087261e+00 
 4.20000000e-05  1.78152772e+00 
 4.30000000e-05  1.78216956e+00 
 4.40000000e-05  1.78279822e+00 
 4.50000000e-05  1.78341375e+00 
 4.60000000e-05  1.78401626e+00 
 4.70000000e-05  1.78460582e+00 
 4.80000000e-05  1.78518253e+00 
 4.90000000e-05  1.78574651e+00 
 5.00000000e-05  1.78629786e+00 
