 1.45000000e+00  1.52749681e+00 
 1.46000000e+00  1.52929509e+00 
 1.47000000e+00  1.53130717e+00 
 1.48000000e+00  1.53336363e+00 
 1.49000000e+00  1.53551243e+00 
 1.50000000e+00  1.53774710e+00 
 1.51000000e+00  1.54006138e+00 
 1.52000000e+00  1.54244950e+00 
 1.53000000e+00  1.54490625e+00 
 1.54000000e+00  1.54742721e+00 
 1.55000000e+00  1.55000877e+00 
 1.56000000e+00  1.55264820e+00 
 1.57000000e+00  1.55534369e+00 
 1.58000000e+00  1.55809435e+00 
 1.59000000e+00  1.56090018e+00 
 1.60000000e+00  1.56376204e+00 
 1.61000000e+00  1.56668161e+00 
 1.62000000e+00  1.56966138e+00 
 1.63000000e+00  1.57270453e+00 
 1.64000000e+00  1.57581493e+00 
 1.65000000e+00  1.57899704e+00 
 1.66000000e+00  1.58225586e+00 
 1.67000000e+00  1.58559686e+00 
 1.68000000e+00  1.58902586e+00 
 1.69000000e+00  1.59254893e+00 
 1.70000000e+00  1.59617230e+00 
 1.71000000e+00  1.59990215e+00 
 1.72000000e+00  1.60374447e+00 
 1.73000000e+00  1.60770480e+00 
 1.74000000e+00  1.61178799e+00 
 1.75000000e+00  1.61599788e+00 
 1.76000000e+00  1.62033691e+00 
 1.77000000e+00  1.62480572e+00 
 1.78000000e+00  1.62940268e+00 
 1.79000000e+00  1.63412336e+00 
 1.80000000e+00  1.63896002e+00 
 1.81000000e+00  1.64390110e+00 
 1.82000000e+00  1.64893076e+00 
 1.83000000e+00  1.65402851e+00 
 1.84000000e+00  1.65916902e+00 
 1.85000000e+00  1.66432219e+00 
 1.45000000e+00  1.53130717e+00 
 1.46000000e+00  1.53332248e+00 
 1.47000000e+00  1.53556404e+00 
 1.48000000e+00  1.53785081e+00 
 1.49000000e+00  1.54023268e+00 
 1.50000000e+00  1.54270183e+00 
 1.51000000e+00  1.54525079e+00 
 1.52000000e+00  1.54787269e+00 
 1.53000000e+00  1.55056142e+00 
 1.54000000e+00  1.55331176e+00 
 1.55000000e+00  1.55611946e+00 
 1.56000000e+00  1.55898128e+00 
 1.57000000e+00  1.56189501e+00 
 1.58000000e+00  1.56485944e+00 
 1.59000000e+00  1.56787434e+00 
 1.60000000e+00  1.57094041e+00 
 1.61000000e+00  1.57405920e+00 
 1.62000000e+00  1.57723310e+00 
 1.63000000e+00  1.58046520e+00 
 1.64000000e+00  1.58375928e+00 
 1.65000000e+00  1.58711972e+00 
 1.66000000e+00  1.59055137e+00 
 1.67000000e+00  1.59405954e+00 
 1.68000000e+00  1.59764980e+00 
 1.69000000e+00  1.60132797e+00 
 1.70000000e+00  1.60509988e+00 
 1.71000000e+00  1.60897128e+00 
 1.72000000e+00  1.61294762e+00 
 1.73000000e+00  1.61703379e+00 
 1.74000000e+00  1.62123389e+00 
 1.75000000e+00  1.62555092e+00 
 1.76000000e+00  1.62998637e+00 
 1.77000000e+00  1.63453982e+00 
 1.78000000e+00  1.63920852e+00 
 1.79000000e+00  1.64398690e+00 
 1.80000000e+00  1.64886606e+00 
 1.81000000e+00  1.65383332e+00 
 1.82000000e+00  1.65887186e+00 
 1.83000000e+00  1.66396040e+00 
 1.84000000e+00  1.66907309e+00 
 1.85000000e+00  1.67417971e+00 
 1.45000000e+00  1.53551244e+00 
 1.46000000e+00  1.53775433e+00 
 1.47000000e+00  1.54023269e+00 
 1.48000000e+00  1.54275630e+00 
 1.49000000e+00  1.54537635e+00 
 1.50000000e+00  1.54808359e+00 
 1.51000000e+00  1.55086929e+00 
 1.52000000e+00  1.55372550e+00 
 1.53000000e+00  1.55664518e+00 
 1.54000000e+00  1.55962235e+00 
 1.55000000e+00  1.56265213e+00 
 1.56000000e+00  1.56573083e+00 
 1.57000000e+00  1.56885586e+00 
 1.58000000e+00  1.57202576e+00 
 1.59000000e+00  1.57524010e+00 
 1.60000000e+00  1.57849945e+00 
 1.61000000e+00  1.58180527e+00 
 1.62000000e+00  1.58515988e+00 
 1.63000000e+00  1.58856631e+00 
 1.64000000e+00  1.59202827e+00 
 1.65000000e+00  1.59555002e+00 
 1.66000000e+00  1.59913632e+00 
 1.67000000e+00  1.60279227e+00 
 1.68000000e+00  1.60652324e+00 
 1.69000000e+00  1.61033473e+00 
 1.70000000e+00  1.61423221e+00 
 1.71000000e+00  1.61822096e+00 
 1.72000000e+00  1.62230589e+00 
 1.73000000e+00  1.62649125e+00 
 1.74000000e+00  1.63078042e+00 
 1.75000000e+00  1.63517554e+00 
 1.76000000e+00  1.63967719e+00 
 1.77000000e+00  1.64428399e+00 
 1.78000000e+00  1.64899216e+00 
 1.79000000e+00  1.65379507e+00 
 1.80000000e+00  1.65868283e+00 
 1.81000000e+00  1.66364184e+00 
 1.82000000e+00  1.66865452e+00 
 1.83000000e+00  1.67369906e+00 
 1.84000000e+00  1.67874943e+00 
 1.85000000e+00  1.68377559e+00 
 1.45000000e+00  1.54006141e+00 
 1.46000000e+00  1.54253413e+00 
 1.47000000e+00  1.54525080e+00 
 1.48000000e+00  1.54801194e+00 
 1.49000000e+00  1.55086930e+00 
 1.50000000e+00  1.55381219e+00 
 1.51000000e+00  1.55683064e+00 
 1.52000000e+00  1.55991560e+00 
 1.53000000e+00  1.56305917e+00 
 1.54000000e+00  1.56625466e+00 
 1.55000000e+00  1.56949665e+00 
 1.56000000e+00  1.57278102e+00 
 1.57000000e+00  1.57610489e+00 
 1.58000000e+00  1.57946659e+00 
 1.59000000e+00  1.58286556e+00 
 1.60000000e+00  1.58630230e+00 
 1.61000000e+00  1.58977821e+00 
 1.62000000e+00  1.59329556e+00 
 1.63000000e+00  1.59685737e+00 
 1.64000000e+00  1.60046728e+00 
 1.65000000e+00  1.60412949e+00 
 1.66000000e+00  1.60784862e+00 
 1.67000000e+00  1.61162962e+00 
 1.68000000e+00  1.61547762e+00 
 1.69000000e+00  1.61939783e+00 
 1.70000000e+00  1.62339536e+00 
 1.71000000e+00  1.62747504e+00 
 1.72000000e+00  1.63164123e+00 
 1.73000000e+00  1.63589757e+00 
 1.74000000e+00  1.64024674e+00 
 1.75000000e+00  1.64469009e+00 
 1.76000000e+00  1.64922737e+00 
 1.77000000e+00  1.65385630e+00 
 1.78000000e+00  1.65857218e+00 
 1.79000000e+00  1.66336750e+00 
 1.80000000e+00  1.66823152e+00 
 1.81000000e+00  1.67314996e+00 
 1.82000000e+00  1.67810470e+00 
 1.83000000e+00  1.68307369e+00 
 1.84000000e+00  1.68803098e+00 
 1.85000000e+00  1.69294705e+00 
 1.45000000e+00  1.54490629e+00 
 1.46000000e+00  1.54760964e+00 
 1.47000000e+00  1.55056144e+00 
 1.48000000e+00  1.55355610e+00 
 1.49000000e+00  1.55664519e+00 
 1.50000000e+00  1.55981662e+00 
 1.51000000e+00  1.56305918e+00 
 1.52000000e+00  1.56636284e+00 
 1.53000000e+00  1.56971887e+00 
 1.54000000e+00  1.57311997e+00 
 1.55000000e+00  1.57656023e+00 
 1.56000000e+00  1.58003522e+00 
 1.57000000e+00  1.58354183e+00 
 1.58000000e+00  1.58707825e+00 
 1.59000000e+00  1.59064387e+00 
 1.60000000e+00  1.59423912e+00 
 1.61000000e+00  1.59786543e+00 
 1.62000000e+00  1.60152507e+00 
 1.63000000e+00  1.60522104e+00 
 1.64000000e+00  1.60895696e+00 
 1.65000000e+00  1.61273698e+00 
 1.66000000e+00  1.61656561e+00 
 1.67000000e+00  1.62044765e+00 
 1.68000000e+00  1.62438802e+00 
 1.69000000e+00  1.62839163e+00 
 1.70000000e+00  1.63246325e+00 
 1.71000000e+00  1.63660727e+00 
 1.72000000e+00  1.64082756e+00 
 1.73000000e+00  1.64512716e+00 
 1.74000000e+00  1.64950810e+00 
 1.75000000e+00  1.65397102e+00 
 1.76000000e+00  1.65851490e+00 
 1.77000000e+00  1.66313668e+00 
 1.78000000e+00  1.66783087e+00 
 1.79000000e+00  1.67258923e+00 
 1.80000000e+00  1.67740038e+00 
 1.81000000e+00  1.68224952e+00 
 1.82000000e+00  1.68711826e+00 
 1.83000000e+00  1.69198456e+00 
 1.84000000e+00  1.69682282e+00 
 1.85000000e+00  1.70160431e+00 
 1.45000000e+00  1.55000880e+00 
 1.46000000e+00  1.55293921e+00 
 1.47000000e+00  1.55611948e+00 
 1.48000000e+00  1.55934024e+00 
 1.49000000e+00  1.56265214e+00 
 1.50000000e+00  1.56604172e+00 
 1.51000000e+00  1.56949665e+00 
 1.52000000e+00  1.57300597e+00 
 1.53000000e+00  1.57656023e+00 
 1.54000000e+00  1.58015160e+00 
 1.55000000e+00  1.58377380e+00 
 1.56000000e+00  1.58742215e+00 
 1.57000000e+00  1.59109339e+00 
 1.58000000e+00  1.59478567e+00 
 1.59000000e+00  1.59849834e+00 
 1.60000000e+00  1.60223190e+00 
 1.61000000e+00  1.60598779e+00 
 1.62000000e+00  1.60976833e+00 
 1.63000000e+00  1.61357656e+00 
 1.64000000e+00  1.61741609e+00 
 1.65000000e+00  1.62129102e+00 
 1.66000000e+00  1.62520580e+00 
 1.67000000e+00  1.62916507e+00 
 1.68000000e+00  1.63317356e+00 
 1.69000000e+00  1.63723592e+00 
 1.70000000e+00  1.64135658e+00 
 1.71000000e+00  1.64553953e+00 
 1.72000000e+00  1.64978817e+00 
 1.73000000e+00  1.65410500e+00 
 1.74000000e+00  1.65849145e+00 
 1.75000000e+00  1.66294753e+00 
 1.76000000e+00  1.66747154e+00 
 1.77000000e+00  1.67205974e+00 
 1.78000000e+00  1.67670601e+00 
 1.79000000e+00  1.68140151e+00 
 1.80000000e+00  1.68613439e+00 
 1.81000000e+00  1.69088957e+00 
 1.82000000e+00  1.69564860e+00 
 1.83000000e+00  1.70038966e+00 
 1.84000000e+00  1.70508775e+00 
 1.85000000e+00  1.70971513e+00 
 1.45000000e+00  1.55534371e+00 
 1.46000000e+00  1.55849524e+00 
 1.47000000e+00  1.56189503e+00 
 1.48000000e+00  1.56533222e+00 
 1.49000000e+00  1.56885587e+00 
 1.50000000e+00  1.57245121e+00 
 1.51000000e+00  1.57610489e+00 
 1.52000000e+00  1.57980511e+00 
 1.53000000e+00  1.58354183e+00 
 1.54000000e+00  1.58730676e+00 
 1.55000000e+00  1.59109339e+00 
 1.56000000e+00  1.59489684e+00 
 1.57000000e+00  1.59871382e+00 
 1.58000000e+00  1.60254248e+00 
 1.59000000e+00  1.60638222e+00 
 1.60000000e+00  1.61023362e+00 
 1.61000000e+00  1.61409823e+00 
 1.62000000e+00  1.61797842e+00 
 1.63000000e+00  1.62187729e+00 
 1.64000000e+00  1.62579850e+00 
 1.65000000e+00  1.62974612e+00 
 1.66000000e+00  1.63372452e+00 
 1.67000000e+00  1.63773823e+00 
 1.68000000e+00  1.64179181e+00 
 1.69000000e+00  1.64588966e+00 
 1.70000000e+00  1.65003589e+00 
 1.71000000e+00  1.65423414e+00 
 1.72000000e+00  1.65848735e+00 
 1.73000000e+00  1.66279757e+00 
 1.74000000e+00  1.66716566e+00 
 1.75000000e+00  1.67159108e+00 
 1.76000000e+00  1.67607156e+00 
 1.77000000e+00  1.68060278e+00 
 1.78000000e+00  1.68517812e+00 
 1.79000000e+00  1.68978830e+00 
 1.80000000e+00  1.69442118e+00 
 1.81000000e+00  1.69906158e+00 
 1.82000000e+00  1.70369115e+00 
 1.83000000e+00  1.70828854e+00 
 1.84000000e+00  1.71282953e+00 
 1.85000000e+00  1.71728756e+00 
 1.45000000e+00  1.56090031e+00 
 1.46000000e+00  1.56426535e+00 
 1.47000000e+00  1.56787436e+00 
 1.48000000e+00  1.57151700e+00 
 1.49000000e+00  1.57524010e+00 
 1.50000000e+00  1.57902772e+00 
 1.51000000e+00  1.58286556e+00 
 1.52000000e+00  1.58674112e+00 
 1.53000000e+00  1.59064386e+00 
 1.54000000e+00  1.59456517e+00 
 1.55000000e+00  1.59849834e+00 
 1.56000000e+00  1.60243845e+00 
 1.57000000e+00  1.60638222e+00 
 1.58000000e+00  1.61032787e+00 
 1.59000000e+00  1.61427494e+00 
 1.60000000e+00  1.61822413e+00 
 1.61000000e+00  1.62217710e+00 
 1.62000000e+00  1.62613636e+00 
 1.63000000e+00  1.63010508e+00 
 1.64000000e+00  1.63408697e+00 
 1.65000000e+00  1.63808611e+00 
 1.66000000e+00  1.64210682e+00 
 1.67000000e+00  1.64615353e+00 
 1.68000000e+00  1.65023063e+00 
 1.69000000e+00  1.65434231e+00 
 1.70000000e+00  1.65849240e+00 
 1.71000000e+00  1.66268418e+00 
 1.72000000e+00  1.66692023e+00 
 1.73000000e+00  1.67120214e+00 
 1.74000000e+00  1.67553031e+00 
 1.75000000e+00  1.67990372e+00 
 1.76000000e+00  1.68431960e+00 
 1.77000000e+00  1.68877319e+00 
 1.78000000e+00  1.69325747e+00 
 1.79000000e+00  1.69776288e+00 
 1.80000000e+00  1.70227714e+00 
 1.81000000e+00  1.70678512e+00 
 1.82000000e+00  1.71126880e+00 
 1.83000000e+00  1.71570742e+00 
 1.84000000e+00  1.72007775e+00 
 1.85000000e+00  1.72435455e+00 
 1.45000000e+00  1.56668163e+00 
 1.46000000e+00  1.57025213e+00 
 1.47000000e+00  1.57405922e+00 
 1.48000000e+00  1.57789561e+00 
 1.49000000e+00  1.58180527e+00 
 1.50000000e+00  1.58577118e+00 
 1.51000000e+00  1.58977820e+00 
 1.52000000e+00  1.59381325e+00 
 1.53000000e+00  1.59786541e+00 
 1.54000000e+00  1.60192585e+00 
 1.55000000e+00  1.60598778e+00 
 1.56000000e+00  1.61004629e+00 
 1.57000000e+00  1.61409822e+00 
 1.58000000e+00  1.61814191e+00 
 1.59000000e+00  1.62217709e+00 
 1.60000000e+00  1.62620462e+00 
 1.61000000e+00  1.63022634e+00 
 1.62000000e+00  1.63424491e+00 
 1.63000000e+00  1.63826361e+00 
 1.64000000e+00  1.64228621e+00 
 1.65000000e+00  1.64631681e+00 
 1.66000000e+00  1.65035972e+00 
 1.67000000e+00  1.65441927e+00 
 1.68000000e+00  1.65849972e+00 
 1.69000000e+00  1.66260505e+00 
 1.70000000e+00  1.66673883e+00 
 1.71000000e+00  1.67090407e+00 
 1.72000000e+00  1.67510297e+00 
 1.73000000e+00  1.67933673e+00 
 1.74000000e+00  1.68360538e+00 
 1.75000000e+00  1.68790746e+00 
 1.76000000e+00  1.69223981e+00 
 1.77000000e+00  1.69659733e+00 
 1.78000000e+00  1.70097273e+00 
 1.79000000e+00  1.70535628e+00 
 1.80000000e+00  1.70973573e+00 
 1.81000000e+00  1.71409614e+00 
 1.82000000e+00  1.71841999e+00 
 1.83000000e+00  1.72268727e+00 
 1.84000000e+00  1.72687584e+00 
 1.85000000e+00  1.73096196e+00 
 1.45000000e+00  1.57270454e+00 
 1.46000000e+00  1.57647155e+00 
 1.47000000e+00  1.58046521e+00 
 1.48000000e+00  1.58448329e+00 
 1.49000000e+00  1.58856630e+00 
 1.50000000e+00  1.59269627e+00 
 1.51000000e+00  1.59685736e+00 
 1.52000000e+00  1.60103601e+00 
 1.53000000e+00  1.60522102e+00 
 1.54000000e+00  1.60940346e+00 
 1.55000000e+00  1.61357654e+00 
 1.56000000e+00  1.61773549e+00 
 1.57000000e+00  1.62187728e+00 
 1.58000000e+00  1.62600050e+00 
 1.59000000e+00  1.63010507e+00 
 1.60000000e+00  1.63419209e+00 
 1.61000000e+00  1.63826360e+00 
 1.62000000e+00  1.64232244e+00 
 1.63000000e+00  1.64637201e+00 
 1.64000000e+00  1.65041618e+00 
 1.65000000e+00  1.65445910e+00 
 1.66000000e+00  1.65850506e+00 
 1.67000000e+00  1.66255833e+00 
 1.68000000e+00  1.66662303e+00 
 1.69000000e+00  1.67070298e+00 
 1.70000000e+00  1.67480153e+00 
 1.71000000e+00  1.67892140e+00 
 1.72000000e+00  1.68306449e+00 
 1.73000000e+00  1.68723169e+00 
 1.74000000e+00  1.69142266e+00 
 1.75000000e+00  1.69563561e+00 
 1.76000000e+00  1.69986708e+00 
 1.77000000e+00  1.70411172e+00 
 1.78000000e+00  1.70836208e+00 
 1.79000000e+00  1.71260840e+00 
 1.80000000e+00  1.71683858e+00 
 1.81000000e+00  1.72103804e+00 
 1.82000000e+00  1.72518986e+00 
 1.83000000e+00  1.72927494e+00 
 1.84000000e+00  1.73327238e+00 
 1.85000000e+00  1.73715998e+00 
 1.45000000e+00  1.57899704e+00 
 1.46000000e+00  1.58295134e+00 
 1.47000000e+00  1.58711973e+00 
 1.48000000e+00  1.59130711e+00 
 1.49000000e+00  1.59555001e+00 
 1.50000000e+00  1.59982961e+00 
 1.51000000e+00  1.60412947e+00 
 1.52000000e+00  1.60843571e+00 
 1.53000000e+00  1.61273696e+00 
 1.54000000e+00  1.61702428e+00 
 1.55000000e+00  1.62129101e+00 
 1.56000000e+00  1.62553253e+00 
 1.57000000e+00  1.62974610e+00 
 1.58000000e+00  1.63393055e+00 
 1.59000000e+00  1.63808610e+00 
 1.60000000e+00  1.64221408e+00 
 1.61000000e+00  1.64631680e+00 
 1.62000000e+00  1.65039728e+00 
 1.63000000e+00  1.65445910e+00 
 1.64000000e+00  1.65850623e+00 
 1.65000000e+00  1.66254288e+00 
 1.66000000e+00  1.66657334e+00 
 1.67000000e+00  1.67060184e+00 
 1.68000000e+00  1.67463239e+00 
 1.69000000e+00  1.67866866e+00 
 1.70000000e+00  1.68271381e+00 
 1.71000000e+00  1.68677032e+00 
 1.72000000e+00  1.69083982e+00 
 1.73000000e+00  1.69492292e+00 
 1.74000000e+00  1.69901901e+00 
 1.75000000e+00  1.70312602e+00 
 1.76000000e+00  1.70724028e+00 
 1.77000000e+00  1.71135629e+00 
 1.78000000e+00  1.71546653e+00 
 1.79000000e+00  1.71956138e+00 
 1.80000000e+00  1.72362896e+00 
 1.81000000e+00  1.72765522e+00 
 1.82000000e+00  1.73162395e+00 
 1.83000000e+00  1.73551710e+00 
 1.84000000e+00  1.73931509e+00 
 1.85000000e+00  1.74299737e+00 
 1.45000000e+00  1.58559660e+00 
 1.46000000e+00  1.58972886e+00 
 1.47000000e+00  1.59405955e+00 
 1.48000000e+00  1.59840338e+00 
 1.49000000e+00  1.60279226e+00 
 1.50000000e+00  1.60720662e+00 
 1.51000000e+00  1.61162960e+00 
 1.52000000e+00  1.61604707e+00 
 1.53000000e+00  1.62044763e+00 
 1.54000000e+00  1.62482244e+00 
 1.55000000e+00  1.62916505e+00 
 1.56000000e+00  1.63347112e+00 
 1.57000000e+00  1.63773822e+00 
 1.58000000e+00  1.64196550e+00 
 1.59000000e+00  1.64615352e+00 
 1.60000000e+00  1.65030392e+00 
 1.61000000e+00  1.65441926e+00 
 1.62000000e+00  1.65850281e+00 
 1.63000000e+00  1.66255832e+00 
 1.64000000e+00  1.66658990e+00 
 1.65000000e+00  1.67060183e+00 
 1.66000000e+00  1.67459843e+00 
 1.67000000e+00  1.67858388e+00 
 1.68000000e+00  1.68256213e+00 
 1.69000000e+00  1.68653671e+00 
 1.70000000e+00  1.69051061e+00 
 1.71000000e+00  1.69448612e+00 
 1.72000000e+00  1.69846464e+00 
 1.73000000e+00  1.70244655e+00 
 1.74000000e+00  1.70643102e+00 
 1.75000000e+00  1.71041579e+00 
 1.76000000e+00  1.71439706e+00 
 1.77000000e+00  1.71836927e+00 
 1.78000000e+00  1.72232497e+00 
 1.79000000e+00  1.72625472e+00 
 1.80000000e+00  1.73014705e+00 
 1.81000000e+00  1.73398852e+00 
 1.82000000e+00  1.73776379e+00 
 1.83000000e+00  1.74145593e+00 
 1.84000000e+00  1.74504681e+00 
 1.85000000e+00  1.74851756e+00 
 1.45000000e+00  1.59254894e+00 
 1.46000000e+00  1.59684797e+00 
 1.47000000e+00  1.60132798e+00 
 1.48000000e+00  1.60581460e+00 
 1.49000000e+00  1.61033472e+00 
 1.50000000e+00  1.61486818e+00 
 1.51000000e+00  1.61939781e+00 
 1.52000000e+00  1.62390940e+00 
 1.53000000e+00  1.62839161e+00 
 1.54000000e+00  1.63283583e+00 
 1.55000000e+00  1.63723590e+00 
 1.56000000e+00  1.64158786e+00 
 1.57000000e+00  1.64588964e+00 
 1.58000000e+00  1.65014082e+00 
 1.59000000e+00  1.65434230e+00 
 1.60000000e+00  1.65849608e+00 
 1.61000000e+00  1.66260504e+00 
 1.62000000e+00  1.66667267e+00 
 1.63000000e+00  1.67070297e+00 
 1.64000000e+00  1.67470017e+00 
 1.65000000e+00  1.67866865e+00 
 1.66000000e+00  1.68261277e+00 
 1.67000000e+00  1.68653671e+00 
 1.68000000e+00  1.69044434e+00 
 1.69000000e+00  1.69433909e+00 
 1.70000000e+00  1.69822382e+00 
 1.71000000e+00  1.70210064e+00 
 1.72000000e+00  1.70597080e+00 
 1.73000000e+00  1.70983448e+00 
 1.74000000e+00  1.71369069e+00 
 1.75000000e+00  1.71753708e+00 
 1.76000000e+00  1.72136977e+00 
 1.77000000e+00  1.72518325e+00 
 1.78000000e+00  1.72897023e+00 
 1.79000000e+00  1.73272160e+00 
 1.80000000e+00  1.73642639e+00 
 1.81000000e+00  1.74007188e+00 
 1.82000000e+00  1.74364371e+00 
 1.83000000e+00  1.74712621e+00 
 1.84000000e+00  1.75050272e+00 
 1.85000000e+00  1.75375616e+00 
 1.45000000e+00  1.59990217e+00 
 1.46000000e+00  1.60435658e+00 
 1.47000000e+00  1.60897130e+00 
 1.48000000e+00  1.61358569e+00 
 1.49000000e+00  1.61822095e+00 
 1.50000000e+00  1.62285651e+00 
 1.51000000e+00  1.62747502e+00 
 1.52000000e+00  1.63206230e+00 
 1.53000000e+00  1.63660725e+00 
 1.54000000e+00  1.64110157e+00 
 1.55000000e+00  1.64553951e+00 
 1.56000000e+00  1.64991756e+00 
 1.57000000e+00  1.65423412e+00 
 1.58000000e+00  1.65848921e+00 
 1.59000000e+00  1.66268417e+00 
 1.60000000e+00  1.66682138e+00 
 1.61000000e+00  1.67090406e+00 
 1.62000000e+00  1.67493600e+00 
 1.63000000e+00  1.67892139e+00 
 1.64000000e+00  1.68286466e+00 
 1.65000000e+00  1.68677031e+00 
 1.66000000e+00  1.69064273e+00 
 1.67000000e+00  1.69448611e+00 
 1.68000000e+00  1.69830430e+00 
 1.69000000e+00  1.70210064e+00 
 1.70000000e+00  1.70587788e+00 
 1.71000000e+00  1.70963802e+00 
 1.72000000e+00  1.71338215e+00 
 1.73000000e+00  1.71711035e+00 
 1.74000000e+00  1.72082154e+00 
 1.75000000e+00  1.72451332e+00 
 1.76000000e+00  1.72818184e+00 
 1.77000000e+00  1.73182173e+00 
 1.78000000e+00  1.73542595e+00 
 1.79000000e+00  1.73898584e+00 
 1.80000000e+00  1.74249105e+00 
 1.81000000e+00  1.74592968e+00 
 1.82000000e+00  1.74928847e+00 
 1.83000000e+00  1.75255305e+00 
 1.84000000e+00  1.75570835e+00 
 1.85000000e+00  1.75873910e+00 
 1.45000000e+00  1.60770480e+00 
 1.46000000e+00  1.61233999e+00 
 1.47000000e+00  1.61703379e+00 
 1.48000000e+00  1.62175893e+00 
 1.49000000e+00  1.62649124e+00 
 1.50000000e+00  1.63120990e+00 
 1.51000000e+00  1.63589755e+00 
 1.52000000e+00  1.64054022e+00 
 1.53000000e+00  1.64512714e+00 
 1.54000000e+00  1.64965047e+00 
 1.55000000e+00  1.65410498e+00 
 1.56000000e+00  1.65848769e+00 
 1.57000000e+00  1.66279755e+00 
 1.58000000e+00  1.66703508e+00 
 1.59000000e+00  1.67120212e+00 
 1.60000000e+00  1.67530147e+00 
 1.61000000e+00  1.67933672e+00 
 1.62000000e+00  1.68331197e+00 
 1.63000000e+00  1.68723168e+00 
 1.64000000e+00  1.69110045e+00 
 1.65000000e+00  1.69492291e+00 
 1.66000000e+00  1.69870353e+00 
 1.67000000e+00  1.70244654e+00 
 1.68000000e+00  1.70615575e+00 
 1.69000000e+00  1.70983447e+00 
 1.70000000e+00  1.71348537e+00 
 1.71000000e+00  1.71711035e+00 
 1.72000000e+00  1.72071044e+00 
 1.73000000e+00  1.72428564e+00 
 1.74000000e+00  1.72783486e+00 
 1.75000000e+00  1.73135571e+00 
 1.76000000e+00  1.73484448e+00 
 1.77000000e+00  1.73829602e+00 
 1.78000000e+00  1.74170367e+00 
 1.79000000e+00  1.74505927e+00 
 1.80000000e+00  1.74835323e+00 
 1.81000000e+00  1.75157458e+00 
 1.82000000e+00  1.75471123e+00 
 1.83000000e+00  1.75775021e+00 
 1.84000000e+00  1.76067808e+00 
 1.85000000e+00  1.76348139e+00 
 1.45000000e+00  1.61599789e+00 
 1.46000000e+00  1.62075188e+00 
 1.47000000e+00  1.62555092e+00 
 1.48000000e+00  1.63036699e+00 
 1.49000000e+00  1.63517552e+00 
 1.50000000e+00  1.63995561e+00 
 1.51000000e+00  1.64469006e+00 
 1.52000000e+00  1.64936528e+00 
 1.53000000e+00  1.65397099e+00 
 1.54000000e+00  1.65849994e+00 
 1.55000000e+00  1.66294750e+00 
 1.56000000e+00  1.66731136e+00 
 1.57000000e+00  1.67159105e+00 
 1.58000000e+00  1.67578772e+00 
 1.59000000e+00  1.67990369e+00 
 1.60000000e+00  1.68394227e+00 
 1.61000000e+00  1.68790743e+00 
 1.62000000e+00  1.69180363e+00 
 1.63000000e+00  1.69563559e+00 
 1.64000000e+00  1.69940812e+00 
 1.65000000e+00  1.70312599e+00 
 1.66000000e+00  1.70679379e+00 
 1.67000000e+00  1.71041577e+00 
 1.68000000e+00  1.71399576e+00 
 1.69000000e+00  1.71753706e+00 
 1.70000000e+00  1.72104229e+00 
 1.71000000e+00  1.72451330e+00 
 1.72000000e+00  1.72795111e+00 
 1.73000000e+00  1.73135570e+00 
 1.74000000e+00  1.73472602e+00 
 1.75000000e+00  1.73805980e+00 
 1.76000000e+00  1.74135353e+00 
 1.77000000e+00  1.74460238e+00 
 1.78000000e+00  1.74780016e+00 
 1.79000000e+00  1.75093935e+00 
 1.80000000e+00  1.75401117e+00 
 1.81000000e+00  1.75700568e+00 
 1.82000000e+00  1.75991204e+00 
 1.83000000e+00  1.76271875e+00 
 1.84000000e+00  1.76541402e+00 
 1.85000000e+00  1.76798622e+00 
 1.45000000e+00  1.62480572e+00 
 1.46000000e+00  1.62965771e+00 
 1.47000000e+00  1.63453981e+00 
 1.48000000e+00  1.63942348e+00 
 1.49000000e+00  1.64428397e+00 
 1.50000000e+00  1.64910051e+00 
 1.51000000e+00  1.65385627e+00 
 1.52000000e+00  1.65853819e+00 
 1.53000000e+00  1.66313665e+00 
 1.54000000e+00  1.66764511e+00 
 1.55000000e+00  1.67205971e+00 
 1.56000000e+00  1.67637884e+00 
 1.57000000e+00  1.68060275e+00 
 1.58000000e+00  1.68473322e+00 
 1.59000000e+00  1.68877316e+00 
 1.60000000e+00  1.69272638e+00 
 1.61000000e+00  1.69659730e+00 
 1.62000000e+00  1.70039073e+00 
 1.63000000e+00  1.70411169e+00 
 1.64000000e+00  1.70776522e+00 
 1.65000000e+00  1.71135625e+00 
 1.66000000e+00  1.71488948e+00 
 1.67000000e+00  1.71836924e+00 
 1.68000000e+00  1.72179939e+00 
 1.69000000e+00  1.72518322e+00 
 1.70000000e+00  1.72852337e+00 
 1.71000000e+00  1.73182170e+00 
 1.72000000e+00  1.73507922e+00 
 1.73000000e+00  1.73829600e+00 
 1.74000000e+00  1.74147107e+00 
 1.75000000e+00  1.74460237e+00 
 1.76000000e+00  1.74768667e+00 
 1.77000000e+00  1.75071954e+00 
 1.78000000e+00  1.75369537e+00 
 1.79000000e+00  1.75660734e+00 
 1.80000000e+00  1.75944758e+00 
 1.81000000e+00  1.76220727e+00 
 1.82000000e+00  1.76487686e+00 
 1.83000000e+00  1.76744634e+00 
 1.84000000e+00  1.76990558e+00 
 1.85000000e+00  1.77224474e+00 
 1.45000000e+00  1.63412334e+00 
 1.46000000e+00  1.63904814e+00 
 1.47000000e+00  1.64398689e+00 
 1.48000000e+00  1.64891075e+00 
 1.49000000e+00  1.65379504e+00 
 1.50000000e+00  1.65861936e+00 
 1.51000000e+00  1.66336746e+00 
 1.52000000e+00  1.66802700e+00 
 1.53000000e+00  1.67258919e+00 
 1.54000000e+00  1.67704835e+00 
 1.55000000e+00  1.68140147e+00 
 1.56000000e+00  1.68564776e+00 
 1.57000000e+00  1.68978826e+00 
 1.58000000e+00  1.69382544e+00 
 1.59000000e+00  1.69776284e+00 
 1.60000000e+00  1.70160481e+00 
 1.61000000e+00  1.70535624e+00 
 1.62000000e+00  1.70902232e+00 
 1.63000000e+00  1.71260836e+00 
 1.64000000e+00  1.71611967e+00 
 1.65000000e+00  1.71956134e+00 
 1.66000000e+00  1.72293821e+00 
 1.67000000e+00  1.72625468e+00 
 1.68000000e+00  1.72951469e+00 
 1.69000000e+00  1.73272156e+00 
 1.70000000e+00  1.73587797e+00 
 1.71000000e+00  1.73898582e+00 
 1.72000000e+00  1.74204619e+00 
 1.73000000e+00  1.74505926e+00 
 1.74000000e+00  1.74802424e+00 
 1.75000000e+00  1.75093934e+00 
 1.76000000e+00  1.75380168e+00 
 1.77000000e+00  1.75660734e+00 
 1.78000000e+00  1.75935131e+00 
 1.79000000e+00  1.76202759e+00 
 1.80000000e+00  1.76462927e+00 
 1.81000000e+00  1.76714869e+00 
 1.82000000e+00  1.76957761e+00 
 1.83000000e+00  1.77190752e+00 
 1.84000000e+00  1.77412993e+00 
 1.85000000e+00  1.77623672e+00 
 1.45000000e+00  1.64390108e+00 
 1.46000000e+00  1.64886880e+00 
 1.47000000e+00  1.65383331e+00 
 1.48000000e+00  1.65876575e+00 
 1.49000000e+00  1.66364181e+00 
 1.50000000e+00  1.66844168e+00 
 1.51000000e+00  1.67314992e+00 
 1.52000000e+00  1.67775513e+00 
 1.53000000e+00  1.68224948e+00 
 1.54000000e+00  1.68662829e+00 
 1.55000000e+00  1.69088953e+00 
 1.56000000e+00  1.69503333e+00 
 1.57000000e+00  1.69906154e+00 
 1.58000000e+00  1.70297738e+00 
 1.59000000e+00  1.70678508e+00 
 1.60000000e+00  1.71048953e+00 
 1.61000000e+00  1.71409610e+00 
 1.62000000e+00  1.71761038e+00 
 1.63000000e+00  1.72103800e+00 
 1.64000000e+00  1.72438450e+00 
 1.65000000e+00  1.72765518e+00 
 1.66000000e+00  1.73085500e+00 
 1.67000000e+00  1.73398848e+00 
 1.68000000e+00  1.73705963e+00 
 1.69000000e+00  1.74007185e+00 
 1.70000000e+00  1.74302786e+00 
 1.71000000e+00  1.74592966e+00 
 1.72000000e+00  1.74877844e+00 
 1.73000000e+00  1.75157457e+00 
 1.74000000e+00  1.75431747e+00 
 1.75000000e+00  1.75700567e+00 
 1.76000000e+00  1.75963674e+00 
 1.77000000e+00  1.76220727e+00 
 1.78000000e+00  1.76471298e+00 
 1.79000000e+00  1.76714869e+00 
 1.80000000e+00  1.76950850e+00 
 1.81000000e+00  1.77178591e+00 
 1.82000000e+00  1.77397399e+00 
 1.83000000e+00  1.77606569e+00 
 1.84000000e+00  1.77805408e+00 
 1.85000000e+00  1.77993265e+00 
 1.45000000e+00  1.65402849e+00 
 1.46000000e+00  1.65900470e+00 
 1.47000000e+00  1.66396041e+00 
 1.48000000e+00  1.66886631e+00 
 1.49000000e+00  1.67369903e+00 
 1.50000000e+00  1.67843961e+00 
 1.51000000e+00  1.68307365e+00 
 1.52000000e+00  1.68759085e+00 
 1.53000000e+00  1.69198452e+00 
 1.54000000e+00  1.69625111e+00 
 1.55000000e+00  1.70038962e+00 
 1.56000000e+00  1.70440117e+00 
 1.57000000e+00  1.70828851e+00 
 1.58000000e+00  1.71205562e+00 
 1.59000000e+00  1.71570739e+00 
 1.60000000e+00  1.71924932e+00 
 1.61000000e+00  1.72268723e+00 
 1.62000000e+00  1.72602712e+00 
 1.63000000e+00  1.72927491e+00 
 1.64000000e+00  1.73243640e+00 
 1.65000000e+00  1.73551707e+00 
 1.66000000e+00  1.73852203e+00 
 1.67000000e+00  1.74145591e+00 
 1.68000000e+00  1.74432280e+00 
 1.69000000e+00  1.74712619e+00 
 1.70000000e+00  1.74986889e+00 
 1.71000000e+00  1.75255303e+00 
 1.72000000e+00  1.75517995e+00 
 1.73000000e+00  1.75775020e+00 
 1.74000000e+00  1.76026351e+00 
 1.75000000e+00  1.76271875e+00 
 1.76000000e+00  1.76511396e+00 
 1.77000000e+00  1.76744634e+00 
 1.78000000e+00  1.76971230e+00 
 1.79000000e+00  1.77190753e+00 
 1.80000000e+00  1.77402712e+00 
 1.81000000e+00  1.77606570e+00 
 1.82000000e+00  1.77801762e+00 
 1.83000000e+00  1.77987719e+00 
 1.84000000e+00  1.78163891e+00 
 1.85000000e+00  1.78329777e+00 
 1.45000000e+00  1.66432218e+00 
 1.46000000e+00  1.66927916e+00 
 1.47000000e+00  1.67417974e+00 
 1.48000000e+00  1.67902236e+00 
 1.49000000e+00  1.68377557e+00 
 1.50000000e+00  1.68842152e+00 
 1.51000000e+00  1.69294704e+00 
 1.52000000e+00  1.69734310e+00 
 1.53000000e+00  1.70160429e+00 
 1.54000000e+00  1.70572825e+00 
 1.55000000e+00  1.70971511e+00 
 1.56000000e+00  1.71356699e+00 
 1.57000000e+00  1.71728755e+00 
 1.58000000e+00  1.72088155e+00 
 1.59000000e+00  1.72435454e+00 
 1.60000000e+00  1.72771257e+00 
 1.61000000e+00  1.73096194e+00 
 1.62000000e+00  1.73410899e+00 
 1.63000000e+00  1.73715996e+00 
 1.64000000e+00  1.74012086e+00 
 1.65000000e+00  1.74299735e+00 
 1.66000000e+00  1.74579467e+00 
 1.67000000e+00  1.74851755e+00 
 1.68000000e+00  1.75117019e+00 
 1.69000000e+00  1.75375616e+00 
 1.70000000e+00  1.75627838e+00 
 1.71000000e+00  1.75873910e+00 
 1.72000000e+00  1.76113985e+00 
 1.73000000e+00  1.76348139e+00 
 1.74000000e+00  1.76576377e+00 
 1.75000000e+00  1.76798623e+00 
 1.76000000e+00  1.77014730e+00 
 1.77000000e+00  1.77224476e+00 
 1.78000000e+00  1.77427573e+00 
 1.79000000e+00  1.77623674e+00 
 1.80000000e+00  1.77812382e+00 
 1.81000000e+00  1.77993267e+00 
 1.82000000e+00  1.78165880e+00 
 1.83000000e+00  1.78329778e+00 
 1.84000000e+00  1.78484537e+00 
 1.85000000e+00  1.78629786e+00 
