 0.00000000e+00  1.24999999e+00 
 1.00000000e-06  1.24729273e+00 
 2.00000000e-06  1.24458546e+00 
 3.00000000e-06  1.24187819e+00 
 4.00000000e-06  1.23917092e+00 
 5.00000000e-06  1.23646364e+00 
 6.00000000e-06  1.23375637e+00 
 7.00000000e-06  1.23104910e+00 
 8.00000000e-06  1.22834183e+00 
 9.00000000e-06  1.22563456e+00 
 1.00000000e-05  1.22292729e+00 
 1.10000000e-05  1.22022002e+00 
 1.20000000e-05  1.21751275e+00 
 1.30000000e-05  1.21480548e+00 
 1.40000000e-05  1.21209821e+00 
 1.50000000e-05  1.20939094e+00 
 1.60000000e-05  1.20668367e+00 
 1.70000000e-05  1.20397640e+00 
 1.80000000e-05  1.20126913e+00 
 1.90000000e-05  1.19856186e+00 
 2.00000000e-05  1.19585459e+00 
 2.10000000e-05  1.19314732e+00 
 2.20000000e-05  1.19044005e+00 
 2.30000000e-05  1.18773278e+00 
 2.40000000e-05  1.18502551e+00 
 2.50000000e-05  1.18231824e+00 
 2.60000000e-05  1.17961097e+00 
 2.70000000e-05  1.17690370e+00 
 2.80000000e-05  1.17419643e+00 
 2.90000000e-05  1.17148916e+00 
 3.00000000e-05  1.16878189e+00 
 3.10000000e-05  1.16607462e+00 
 3.20000000e-05  1.16336735e+00 
 3.30000000e-05  1.16066008e+00 
 3.40000000e-05  1.15795281e+00 
 3.50000000e-05  1.15524554e+00 
 3.60000000e-05  1.15253827e+00 
 3.70000000e-05  1.14983100e+00 
 3.80000000e-05  1.14712373e+00 
 3.90000000e-05  1.14441646e+00 
 4.00000000e-05  1.14170919e+00 
 4.10000000e-05  1.13900192e+00 
 4.20000000e-05  1.13629465e+00 
 4.30000000e-05  1.13358738e+00 
 4.40000000e-05  1.13088011e+00 
 4.50000000e-05  1.12817284e+00 
 4.60000000e-05  1.12546557e+00 
 4.70000000e-05  1.12275830e+00 
 4.80000000e-05  1.12005103e+00 
 4.90000000e-05  1.11734376e+00 
 5.00000000e-05  1.11463648e+00 
