 1.15000000e+00 -2.10751126e-01 
 1.16000000e+00 -2.10607315e-01 
 1.17000000e+00 -2.10376056e-01 
 1.18000000e+00 -2.10105519e-01 
 1.19000000e+00 -2.09760863e-01 
 1.20000000e+00 -2.09324528e-01 
 1.21000000e+00 -2.08775862e-01 
 1.22000000e+00 -2.08090947e-01 
 1.23000000e+00 -2.07242563e-01 
 1.24000000e+00 -2.06200322e-01 
 1.25000000e+00 -2.04931055e-01 
 1.26000000e+00 -2.03399524e-01 
 1.27000000e+00 -2.01569520e-01 
 1.28000000e+00 -1.99405395e-01 
 1.29000000e+00 -1.96874032e-01 
 1.30000000e+00 -1.93947121e-01 
 1.31000000e+00 -1.90603566e-01 
 1.32000000e+00 -1.86831695e-01 
 1.33000000e+00 -1.82630956e-01 
 1.34000000e+00 -1.78012762e-01 
 1.35000000e+00 -1.73000342e-01 
 1.36000000e+00 -1.67627560e-01 
 1.37000000e+00 -1.61936886e-01 
 1.38000000e+00 -1.55976811e-01 
 1.39000000e+00 -1.49799056e-01 
 1.40000000e+00 -1.43455901e-01 
 1.41000000e+00 -1.36997859e-01 
 1.42000000e+00 -1.30471870e-01 
 1.43000000e+00 -1.23920021e-01 
 1.44000000e+00 -1.17378795e-01 
 1.45000000e+00 -1.10878766e-01 
 1.46000000e+00 -1.04444632e-01 
 1.47000000e+00 -9.80955192e-02 
 1.48000000e+00 -9.18454374e-02 
 1.49000000e+00 -8.57038351e-02 
 1.50000000e+00 -7.96761894e-02 
 1.51000000e+00 -7.37645909e-02 
 1.52000000e+00 -6.79682940e-02 
 1.53000000e+00 -6.22842190e-02 
 1.54000000e+00 -5.67073936e-02 
 1.55000000e+00 -5.12313342e-02 
 1.56000000e+00 -4.58483662e-02 
 1.57000000e+00 -4.05498892e-02 
 1.58000000e+00 -3.53265908e-02 
 1.59000000e+00 -3.01686175e-02 
 1.60000000e+00 -2.50657064e-02 
 1.61000000e+00 -2.00072868e-02 
 1.62000000e+00 -1.49825551e-02 
 1.63000000e+00 -9.98052918e-03 
 1.64000000e+00 -4.99008814e-03 
 1.65000000e+00 -3.00026670e-12 
 1.66000000e+00  5.00105732e-03 
 1.67000000e+00  1.00244779e-02 
 1.68000000e+00  1.50817091e-02 
 1.69000000e+00  2.01842282e-02 
 1.70000000e+00  2.53435103e-02 
 1.71000000e+00  3.05709833e-02 
 1.72000000e+00  3.58779648e-02 
 1.73000000e+00  4.12755765e-02 
 1.74000000e+00  4.67746288e-02 
 1.75000000e+00  5.23854716e-02 
 1.76000000e+00  5.81178012e-02 
 1.77000000e+00  6.39804194e-02 
 1.78000000e+00  6.99809357e-02 
 1.79000000e+00  7.61254071e-02 
 1.80000000e+00  8.24179113e-02 
 1.81000000e+00  8.88600503e-02 
 1.82000000e+00  9.54503892e-02 
 1.83000000e+00  1.02183839e-01 
 1.84000000e+00  1.09051002e-01 
 1.85000000e+00  1.16037509e-01 
 1.86000000e+00  1.23123400e-01 
 1.87000000e+00  1.30282597e-01 
 1.88000000e+00  1.37482550e-01 
 1.89000000e+00  1.44684158e-01 
 1.90000000e+00  1.51842030e-01 
 1.91000000e+00  1.58905220e-01 
 1.92000000e+00  1.65818468e-01 
 1.93000000e+00  1.72524005e-01 
 1.94000000e+00  1.78963878e-01 
 1.95000000e+00  1.85082676e-01 
 1.96000000e+00  1.90830441e-01 
 1.97000000e+00  1.96165484e-01 
 1.98000000e+00  2.01056747e-01 
 1.99000000e+00  2.05485422e-01 
 2.00000000e+00  2.09445580e-01 
 2.01000000e+00  2.12943751e-01 
 2.02000000e+00  2.15997556e-01 
 2.03000000e+00  2.18633623e-01 
 2.04000000e+00  2.20885136e-01 
 2.05000000e+00  2.22789334e-01 
 2.06000000e+00  2.24385228e-01 
 2.07000000e+00  2.25711710e-01 
 2.08000000e+00  2.26806114e-01 
 2.09000000e+00  2.27703212e-01 
 2.10000000e+00  2.28434593e-01 
 2.11000000e+00  2.29028351e-01 
 2.12000000e+00  2.29509010e-01 
 2.13000000e+00  2.29897622e-01 
 2.14000000e+00  2.30211980e-01 
 2.15000000e+00  2.30466913e-01 
