 0.00000000e+00  1.66210720e+00 
 1.00000000e-06  1.66376481e+00 
 2.00000000e-06  1.66542718e+00 
 3.00000000e-06  1.66709396e+00 
 4.00000000e-06  1.66876479e+00 
 5.00000000e-06  1.67043929e+00 
 6.00000000e-06  1.67211711e+00 
 7.00000000e-06  1.67379786e+00 
 8.00000000e-06  1.67548115e+00 
 9.00000000e-06  1.67716660e+00 
 1.00000000e-05  1.67885380e+00 
 1.10000000e-05  1.68054235e+00 
 1.20000000e-05  1.68223183e+00 
 1.30000000e-05  1.68392185e+00 
 1.40000000e-05  1.68561196e+00 
 1.50000000e-05  1.68730175e+00 
 1.60000000e-05  1.68899079e+00 
 1.70000000e-05  1.69067864e+00 
 1.80000000e-05  1.69236487e+00 
 1.90000000e-05  1.69404902e+00 
 2.00000000e-05  1.69573066e+00 
 2.10000000e-05  1.69740934e+00 
 2.20000000e-05  1.69908460e+00 
 2.30000000e-05  1.70075599e+00 
 2.40000000e-05  1.70242306e+00 
 2.50000000e-05  1.70408534e+00 
 2.60000000e-05  1.70574237e+00 
 2.70000000e-05  1.70739371e+00 
 2.80000000e-05  1.70903889e+00 
 2.90000000e-05  1.71067744e+00 
 3.00000000e-05  1.71230891e+00 
 3.10000000e-05  1.71393285e+00 
 3.20000000e-05  1.71554878e+00 
 3.30000000e-05  1.71715628e+00 
 3.40000000e-05  1.71875487e+00 
 3.50000000e-05  1.72034411e+00 
 3.60000000e-05  1.72192355e+00 
 3.70000000e-05  1.72349276e+00 
 3.80000000e-05  1.72505130e+00 
 3.90000000e-05  1.72659874e+00 
 4.00000000e-05  1.72813464e+00 
 4.10000000e-05  1.72965860e+00 
 4.20000000e-05  1.73117020e+00 
 4.30000000e-05  1.73266903e+00 
 4.40000000e-05  1.73415469e+00 
 4.50000000e-05  1.73562680e+00 
 4.60000000e-05  1.73708497e+00 
 4.70000000e-05  1.73852884e+00 
 4.80000000e-05  1.73995804e+00 
 4.90000000e-05  1.74137221e+00 
 5.00000000e-05  1.74277103e+00 
 0.00000000e+00  1.70408534e+00 
 1.00000000e-06  1.70559601e+00 
 2.00000000e-06  1.70710302e+00 
 3.00000000e-06  1.70860601e+00 
 4.00000000e-06  1.71010462e+00 
 5.00000000e-06  1.71159850e+00 
 6.00000000e-06  1.71308727e+00 
 7.00000000e-06  1.71457059e+00 
 8.00000000e-06  1.71604809e+00 
 9.00000000e-06  1.71751941e+00 
 1.00000000e-05  1.71898420e+00 
 1.10000000e-05  1.72044210e+00 
 1.20000000e-05  1.72189275e+00 
 1.30000000e-05  1.72333579e+00 
 1.40000000e-05  1.72477088e+00 
 1.50000000e-05  1.72619767e+00 
 1.60000000e-05  1.72761580e+00 
 1.70000000e-05  1.72902494e+00 
 1.80000000e-05  1.73042473e+00 
 1.90000000e-05  1.73181486e+00 
 2.00000000e-05  1.73319498e+00 
 2.10000000e-05  1.73456476e+00 
 2.20000000e-05  1.73592388e+00 
 2.30000000e-05  1.73727202e+00 
 2.40000000e-05  1.73860888e+00 
 2.50000000e-05  1.73993414e+00 
 2.60000000e-05  1.74124750e+00 
 2.70000000e-05  1.74254866e+00 
 2.80000000e-05  1.74383735e+00 
 2.90000000e-05  1.74511328e+00 
 3.00000000e-05  1.74637618e+00 
 3.10000000e-05  1.74762578e+00 
 3.20000000e-05  1.74886183e+00 
 3.30000000e-05  1.75008409e+00 
 3.40000000e-05  1.75129230e+00 
 3.50000000e-05  1.75248625e+00 
 3.60000000e-05  1.75366571e+00 
 3.70000000e-05  1.75483048e+00 
 3.80000000e-05  1.75598035e+00 
 3.90000000e-05  1.75711513e+00 
 4.00000000e-05  1.75823464e+00 
 4.10000000e-05  1.75933871e+00 
 4.20000000e-05  1.76042720e+00 
 4.30000000e-05  1.76149993e+00 
 4.40000000e-05  1.76255680e+00 
 4.50000000e-05  1.76359766e+00 
 4.60000000e-05  1.76462240e+00 
 4.70000000e-05  1.76563092e+00 
 4.80000000e-05  1.76662314e+00 
 4.90000000e-05  1.76759897e+00 
 5.00000000e-05  1.76855835e+00 
 0.00000000e+00  1.74277103e+00 
 1.00000000e-06  1.74393536e+00 
 2.00000000e-06  1.74509010e+00 
 3.00000000e-06  1.74623503e+00 
 4.00000000e-06  1.74736993e+00 
 5.00000000e-06  1.74849459e+00 
 6.00000000e-06  1.74960880e+00 
 7.00000000e-06  1.75071235e+00 
 8.00000000e-06  1.75180504e+00 
 9.00000000e-06  1.75288669e+00 
 1.00000000e-05  1.75395710e+00 
 1.10000000e-05  1.75501610e+00 
 1.20000000e-05  1.75606350e+00 
 1.30000000e-05  1.75709916e+00 
 1.40000000e-05  1.75812289e+00 
 1.50000000e-05  1.75913455e+00 
 1.60000000e-05  1.76013399e+00 
 1.70000000e-05  1.76112107e+00 
 1.80000000e-05  1.76209566e+00 
 1.90000000e-05  1.76305763e+00 
 2.00000000e-05  1.76400686e+00 
 2.10000000e-05  1.76494324e+00 
 2.20000000e-05  1.76586667e+00 
 2.30000000e-05  1.76677706e+00 
 2.40000000e-05  1.76767431e+00 
 2.50000000e-05  1.76855835e+00 
 2.60000000e-05  1.76942910e+00 
 2.70000000e-05  1.77028651e+00 
 2.80000000e-05  1.77113051e+00 
 2.90000000e-05  1.77196107e+00 
 3.00000000e-05  1.77277813e+00 
 3.10000000e-05  1.77358168e+00 
 3.20000000e-05  1.77437168e+00 
 3.30000000e-05  1.77514813e+00 
 3.40000000e-05  1.77591101e+00 
 3.50000000e-05  1.77666034e+00 
 3.60000000e-05  1.77739611e+00 
 3.70000000e-05  1.77811835e+00 
 3.80000000e-05  1.77882708e+00 
 3.90000000e-05  1.77952234e+00 
 4.00000000e-05  1.78020417e+00 
 4.10000000e-05  1.78087261e+00 
 4.20000000e-05  1.78152772e+00 
 4.30000000e-05  1.78216956e+00 
 4.40000000e-05  1.78279822e+00 
 4.50000000e-05  1.78341375e+00 
 4.60000000e-05  1.78401626e+00 
 4.70000000e-05  1.78460582e+00 
 4.80000000e-05  1.78518253e+00 
 4.90000000e-05  1.78574651e+00 
 5.00000000e-05  1.78629786e+00 
