 0.00000000e+00  1.59998130e+00 
 1.00000000e-06  1.60146928e+00 
 2.00000000e-06  1.60297309e+00 
 3.00000000e-06  1.60449264e+00 
 4.00000000e-06  1.60602778e+00 
 5.00000000e-06  1.60757837e+00 
 6.00000000e-06  1.60914427e+00 
 7.00000000e-06  1.61072530e+00 
 8.00000000e-06  1.61232129e+00 
 9.00000000e-06  1.61393206e+00 
 1.00000000e-05  1.61555740e+00 
 1.10000000e-05  1.61719711e+00 
 1.20000000e-05  1.61885095e+00 
 1.30000000e-05  1.62051870e+00 
 1.40000000e-05  1.62220011e+00 
 1.50000000e-05  1.62389491e+00 
 1.60000000e-05  1.62560283e+00 
 1.70000000e-05  1.62732359e+00 
 1.80000000e-05  1.62905690e+00 
 1.90000000e-05  1.63080243e+00 
 2.00000000e-05  1.63255987e+00 
 2.10000000e-05  1.63432887e+00 
 2.20000000e-05  1.63610910e+00 
 2.30000000e-05  1.63790019e+00 
 2.40000000e-05  1.63970177e+00 
 2.50000000e-05  1.64151345e+00 
 2.60000000e-05  1.64333482e+00 
 2.70000000e-05  1.64516549e+00 
 2.80000000e-05  1.64700502e+00 
 2.90000000e-05  1.64885299e+00 
 3.00000000e-05  1.65070893e+00 
 3.10000000e-05  1.65257240e+00 
 3.20000000e-05  1.65444292e+00 
 3.30000000e-05  1.65632001e+00 
 3.40000000e-05  1.65820318e+00 
 3.50000000e-05  1.66009191e+00 
 3.60000000e-05  1.66198570e+00 
 3.70000000e-05  1.66388402e+00 
 3.80000000e-05  1.66578633e+00 
 3.90000000e-05  1.66769209e+00 
 4.00000000e-05  1.66960074e+00 
 4.10000000e-05  1.67151172e+00 
 4.20000000e-05  1.67342445e+00 
 4.30000000e-05  1.67533837e+00 
 4.40000000e-05  1.67725287e+00 
 4.50000000e-05  1.67916737e+00 
 4.60000000e-05  1.68108126e+00 
 4.70000000e-05  1.68299394e+00 
 4.80000000e-05  1.68490479e+00 
 4.90000000e-05  1.68681320e+00 
 5.00000000e-05  1.68871854e+00 
 0.00000000e+00  1.66211406e+00 
 1.00000000e-06  1.66376258e+00 
 2.00000000e-06  1.66541585e+00 
 3.00000000e-06  1.66707352e+00 
 4.00000000e-06  1.66873524e+00 
 5.00000000e-06  1.67040064e+00 
 6.00000000e-06  1.67206936e+00 
 7.00000000e-06  1.67374104e+00 
 8.00000000e-06  1.67541528e+00 
 9.00000000e-06  1.67709170e+00 
 1.00000000e-05  1.67876991e+00 
 1.10000000e-05  1.68044952e+00 
 1.20000000e-05  1.68213011e+00 
 1.30000000e-05  1.68381129e+00 
 1.40000000e-05  1.68549263e+00 
 1.50000000e-05  1.68717371e+00 
 1.60000000e-05  1.68885412e+00 
 1.70000000e-05  1.69053343e+00 
 1.80000000e-05  1.69221119e+00 
 1.90000000e-05  1.69388699e+00 
 2.00000000e-05  1.69556037e+00 
 2.10000000e-05  1.69723090e+00 
 2.20000000e-05  1.69889813e+00 
 2.30000000e-05  1.70056161e+00 
 2.40000000e-05  1.70222090e+00 
 2.50000000e-05  1.70387553e+00 
 2.60000000e-05  1.70552507e+00 
 2.70000000e-05  1.70716905e+00 
 2.80000000e-05  1.70880703e+00 
 2.90000000e-05  1.71043855e+00 
 3.00000000e-05  1.71206315e+00 
 3.10000000e-05  1.71368039e+00 
 3.20000000e-05  1.71528981e+00 
 3.30000000e-05  1.71689096e+00 
 3.40000000e-05  1.71848341e+00 
 3.50000000e-05  1.72006669e+00 
 3.60000000e-05  1.72164039e+00 
 3.70000000e-05  1.72320405e+00 
 3.80000000e-05  1.72475725e+00 
 3.90000000e-05  1.72629956e+00 
 4.00000000e-05  1.72783055e+00 
 4.10000000e-05  1.72934982e+00 
 4.20000000e-05  1.73085695e+00 
 4.30000000e-05  1.73235154e+00 
 4.40000000e-05  1.73383320e+00 
 4.50000000e-05  1.73530153e+00 
 4.60000000e-05  1.73675617e+00 
 4.70000000e-05  1.73819673e+00 
 4.80000000e-05  1.73962287e+00 
 4.90000000e-05  1.74103422e+00 
 5.00000000e-05  1.74243046e+00 
 0.00000000e+00  1.72304326e+00 
 1.00000000e-06  1.72440420e+00 
 2.00000000e-06  1.72575816e+00 
 3.00000000e-06  1.72710485e+00 
 4.00000000e-06  1.72844396e+00 
 5.00000000e-06  1.72977518e+00 
 6.00000000e-06  1.73109822e+00 
 7.00000000e-06  1.73241278e+00 
 8.00000000e-06  1.73371856e+00 
 9.00000000e-06  1.73501527e+00 
 1.00000000e-05  1.73630263e+00 
 1.10000000e-05  1.73758035e+00 
 1.20000000e-05  1.73884815e+00 
 1.30000000e-05  1.74010577e+00 
 1.40000000e-05  1.74135293e+00 
 1.50000000e-05  1.74258936e+00 
 1.60000000e-05  1.74381482e+00 
 1.70000000e-05  1.74502904e+00 
 1.80000000e-05  1.74623178e+00 
 1.90000000e-05  1.74742279e+00 
 2.00000000e-05  1.74860185e+00 
 2.10000000e-05  1.74976873e+00 
 2.20000000e-05  1.75092320e+00 
 2.30000000e-05  1.75206506e+00 
 2.40000000e-05  1.75319409e+00 
 2.50000000e-05  1.75431011e+00 
 2.60000000e-05  1.75541291e+00 
 2.70000000e-05  1.75650232e+00 
 2.80000000e-05  1.75757816e+00 
 2.90000000e-05  1.75864027e+00 
 3.00000000e-05  1.75968850e+00 
 3.10000000e-05  1.76072269e+00 
 3.20000000e-05  1.76174271e+00 
 3.30000000e-05  1.76274843e+00 
 3.40000000e-05  1.76373972e+00 
 3.50000000e-05  1.76471649e+00 
 3.60000000e-05  1.76567863e+00 
 3.70000000e-05  1.76662604e+00 
 3.80000000e-05  1.76755865e+00 
 3.90000000e-05  1.76847639e+00 
 4.00000000e-05  1.76937919e+00 
 4.10000000e-05  1.77026701e+00 
 4.20000000e-05  1.77113980e+00 
 4.30000000e-05  1.77199752e+00 
 4.40000000e-05  1.77284017e+00 
 4.50000000e-05  1.77366772e+00 
 4.60000000e-05  1.77448017e+00 
 4.70000000e-05  1.77527754e+00 
 4.80000000e-05  1.77605983e+00 
 4.90000000e-05  1.77682708e+00 
 5.00000000e-05  1.77757933e+00 
