 0.00000000e+00  1.66212832e+00 
 1.00000000e-06  1.66055209e+00 
 2.00000000e-06  1.65896550e+00 
 3.00000000e-06  1.65736889e+00 
 4.00000000e-06  1.65576263e+00 
 5.00000000e-06  1.65414709e+00 
 6.00000000e-06  1.65252267e+00 
 7.00000000e-06  1.65088974e+00 
 8.00000000e-06  1.64924870e+00 
 9.00000000e-06  1.64759995e+00 
 1.00000000e-05  1.64594391e+00 
 1.10000000e-05  1.64428099e+00 
 1.20000000e-05  1.64261160e+00 
 1.30000000e-05  1.64093618e+00 
 1.40000000e-05  1.63925517e+00 
 1.50000000e-05  1.63756900e+00 
 1.60000000e-05  1.63587813e+00 
 1.70000000e-05  1.63418299e+00 
 1.80000000e-05  1.63248406e+00 
 1.90000000e-05  1.63078180e+00 
 2.00000000e-05  1.62907666e+00 
 2.10000000e-05  1.62736914e+00 
 2.20000000e-05  1.62565970e+00 
 2.30000000e-05  1.62394882e+00 
 2.40000000e-05  1.62223700e+00 
 2.50000000e-05  1.62052472e+00 
 2.60000000e-05  1.61881248e+00 
 2.70000000e-05  1.61710078e+00 
 2.80000000e-05  1.61539011e+00 
 2.90000000e-05  1.61368098e+00 
 3.00000000e-05  1.61197390e+00 
 3.10000000e-05  1.61026936e+00 
 3.20000000e-05  1.60856789e+00 
 3.30000000e-05  1.60686998e+00 
 3.40000000e-05  1.60517616e+00 
 3.50000000e-05  1.60348692e+00 
 3.60000000e-05  1.60180279e+00 
 3.70000000e-05  1.60012428e+00 
 3.80000000e-05  1.59845188e+00 
 3.90000000e-05  1.59678612e+00 
 4.00000000e-05  1.59512749e+00 
 4.10000000e-05  1.59347651e+00 
 4.20000000e-05  1.59183366e+00 
 4.30000000e-05  1.59019946e+00 
 4.40000000e-05  1.58857438e+00 
 4.50000000e-05  1.58695893e+00 
 4.60000000e-05  1.58535358e+00 
 4.70000000e-05  1.58375882e+00 
 4.80000000e-05  1.58217511e+00 
 4.90000000e-05  1.58060292e+00 
 5.00000000e-05  1.57904272e+00 
 0.00000000e+00  1.66212098e+00 
 1.00000000e-06  1.66212445e+00 
 2.00000000e-06  1.66212795e+00 
 3.00000000e-06  1.66213147e+00 
 4.00000000e-06  1.66213500e+00 
 5.00000000e-06  1.66213854e+00 
 6.00000000e-06  1.66214210e+00 
 7.00000000e-06  1.66214567e+00 
 8.00000000e-06  1.66214925e+00 
 9.00000000e-06  1.66215285e+00 
 1.00000000e-05  1.66215646e+00 
 1.10000000e-05  1.66216009e+00 
 1.20000000e-05  1.66216373e+00 
 1.30000000e-05  1.66216738e+00 
 1.40000000e-05  1.66217105e+00 
 1.50000000e-05  1.66217473e+00 
 1.60000000e-05  1.66217842e+00 
 1.70000000e-05  1.66218212e+00 
 1.80000000e-05  1.66218584e+00 
 1.90000000e-05  1.66218957e+00 
 2.00000000e-05  1.66219332e+00 
 2.10000000e-05  1.66219707e+00 
 2.20000000e-05  1.66220085e+00 
 2.30000000e-05  1.66220463e+00 
 2.40000000e-05  1.66220843e+00 
 2.50000000e-05  1.66221224e+00 
 2.60000000e-05  1.66221606e+00 
 2.70000000e-05  1.66221989e+00 
 2.80000000e-05  1.66222374e+00 
 2.90000000e-05  1.66222760e+00 
 3.00000000e-05  1.66223148e+00 
 3.10000000e-05  1.66223537e+00 
 3.20000000e-05  1.66223927e+00 
 3.30000000e-05  1.66224318e+00 
 3.40000000e-05  1.66224710e+00 
 3.50000000e-05  1.66225104e+00 
 3.60000000e-05  1.66225499e+00 
 3.70000000e-05  1.66225896e+00 
 3.80000000e-05  1.66226293e+00 
 3.90000000e-05  1.66226692e+00 
 4.00000000e-05  1.66227092e+00 
 4.10000000e-05  1.66227493e+00 
 4.20000000e-05  1.66227896e+00 
 4.30000000e-05  1.66228300e+00 
 4.40000000e-05  1.66228705e+00 
 4.50000000e-05  1.66229111e+00 
 4.60000000e-05  1.66229519e+00 
 4.70000000e-05  1.66229927e+00 
 4.80000000e-05  1.66230337e+00 
 4.90000000e-05  1.66230748e+00 
 5.00000000e-05  1.66231161e+00 
 0.00000000e+00  1.66211406e+00 
 1.00000000e-06  1.66376258e+00 
 2.00000000e-06  1.66541585e+00 
 3.00000000e-06  1.66707352e+00 
 4.00000000e-06  1.66873524e+00 
 5.00000000e-06  1.67040064e+00 
 6.00000000e-06  1.67206936e+00 
 7.00000000e-06  1.67374104e+00 
 8.00000000e-06  1.67541528e+00 
 9.00000000e-06  1.67709170e+00 
 1.00000000e-05  1.67876991e+00 
 1.10000000e-05  1.68044952e+00 
 1.20000000e-05  1.68213011e+00 
 1.30000000e-05  1.68381129e+00 
 1.40000000e-05  1.68549263e+00 
 1.50000000e-05  1.68717371e+00 
 1.60000000e-05  1.68885412e+00 
 1.70000000e-05  1.69053343e+00 
 1.80000000e-05  1.69221119e+00 
 1.90000000e-05  1.69388699e+00 
 2.00000000e-05  1.69556037e+00 
 2.10000000e-05  1.69723090e+00 
 2.20000000e-05  1.69889813e+00 
 2.30000000e-05  1.70056161e+00 
 2.40000000e-05  1.70222090e+00 
 2.50000000e-05  1.70387553e+00 
 2.60000000e-05  1.70552507e+00 
 2.70000000e-05  1.70716905e+00 
 2.80000000e-05  1.70880703e+00 
 2.90000000e-05  1.71043855e+00 
 3.00000000e-05  1.71206315e+00 
 3.10000000e-05  1.71368039e+00 
 3.20000000e-05  1.71528981e+00 
 3.30000000e-05  1.71689096e+00 
 3.40000000e-05  1.71848341e+00 
 3.50000000e-05  1.72006669e+00 
 3.60000000e-05  1.72164039e+00 
 3.70000000e-05  1.72320405e+00 
 3.80000000e-05  1.72475725e+00 
 3.90000000e-05  1.72629956e+00 
 4.00000000e-05  1.72783055e+00 
 4.10000000e-05  1.72934982e+00 
 4.20000000e-05  1.73085695e+00 
 4.30000000e-05  1.73235154e+00 
 4.40000000e-05  1.73383320e+00 
 4.50000000e-05  1.73530153e+00 
 4.60000000e-05  1.73675617e+00 
 4.70000000e-05  1.73819673e+00 
 4.80000000e-05  1.73962287e+00 
 4.90000000e-05  1.74103422e+00 
 5.00000000e-05  1.74243046e+00 
