 1.40000000e+00  1.51420309e+00 
 1.40200000e+00  1.51424697e+00 
 1.40400000e+00  1.51429335e+00 
 1.40600000e+00  1.51434236e+00 
 1.40800000e+00  1.51439414e+00 
 1.41000000e+00  1.51444885e+00 
 1.41200000e+00  1.51450664e+00 
 1.41400000e+00  1.51456768e+00 
 1.41600000e+00  1.51463214e+00 
 1.41800000e+00  1.51470020e+00 
 1.42000000e+00  1.51477206e+00 
 1.42200000e+00  1.51484792e+00 
 1.42400000e+00  1.51492798e+00 
 1.42600000e+00  1.51501247e+00 
 1.42800000e+00  1.51510161e+00 
 1.43000000e+00  1.51519565e+00 
 1.43200000e+00  1.51529483e+00 
 1.43400000e+00  1.51539942e+00 
 1.43600000e+00  1.51550970e+00 
 1.43800000e+00  1.51562594e+00 
 1.44000000e+00  1.51574846e+00 
 1.44200000e+00  1.51587755e+00 
 1.44400000e+00  1.51601355e+00 
 1.44600000e+00  1.51615680e+00 
 1.44800000e+00  1.51630765e+00 
 1.45000000e+00  1.51646646e+00 
 1.45200000e+00  1.51663362e+00 
 1.45400000e+00  1.51680952e+00 
 1.45600000e+00  1.51699458e+00 
 1.45800000e+00  1.51718922e+00 
 1.46000000e+00  1.51739389e+00 
 1.46200000e+00  1.51760904e+00 
 1.46400000e+00  1.51783516e+00 
 1.46600000e+00  1.51807273e+00 
 1.46800000e+00  1.51832226e+00 
 1.47000000e+00  1.51858428e+00 
 1.47200000e+00  1.51885933e+00 
 1.47400000e+00  1.51914797e+00 
 1.47600000e+00  1.51945078e+00 
 1.47800000e+00  1.51976834e+00 
 1.48000000e+00  1.52010127e+00 
 1.48200000e+00  1.52045020e+00 
 1.48400000e+00  1.52081575e+00 
 1.48600000e+00  1.52119860e+00 
 1.48800000e+00  1.52159942e+00 
 1.49000000e+00  1.52201889e+00 
 1.49200000e+00  1.52245771e+00 
 1.49400000e+00  1.52291661e+00 
 1.49600000e+00  1.52339631e+00 
 1.49800000e+00  1.52389755e+00 
 1.50000000e+00  1.52442109e+00 
 1.50200000e+00  1.52496770e+00 
 1.50400000e+00  1.52553815e+00 
 1.50600000e+00  1.52613321e+00 
 1.50800000e+00  1.52675369e+00 
 1.51000000e+00  1.52740037e+00 
 1.51200000e+00  1.52807407e+00 
 1.51400000e+00  1.52877557e+00 
 1.51600000e+00  1.52950568e+00 
 1.51800000e+00  1.53026522e+00 
 1.52000000e+00  1.53105498e+00 
 1.52200000e+00  1.53187576e+00 
 1.52400000e+00  1.53272835e+00 
 1.52600000e+00  1.53361355e+00 
 1.52800000e+00  1.53453211e+00 
 1.53000000e+00  1.53548481e+00 
 1.53200000e+00  1.53647240e+00 
 1.53400000e+00  1.53749560e+00 
 1.53600000e+00  1.53855513e+00 
 1.53800000e+00  1.53965167e+00 
 1.54000000e+00  1.54078590e+00 
 1.54200000e+00  1.54195845e+00 
 1.54400000e+00  1.54316993e+00 
 1.54600000e+00  1.54442092e+00 
 1.54800000e+00  1.54571197e+00 
 1.55000000e+00  1.54704359e+00 
 1.55200000e+00  1.54841624e+00 
 1.55400000e+00  1.54983035e+00 
 1.55600000e+00  1.55128631e+00 
 1.55800000e+00  1.55278445e+00 
 1.56000000e+00  1.55432507e+00 
 1.56200000e+00  1.55590840e+00 
 1.56400000e+00  1.55753463e+00 
 1.56600000e+00  1.55920389e+00 
 1.56800000e+00  1.56091625e+00 
 1.57000000e+00  1.56267175e+00 
 1.57200000e+00  1.56447032e+00 
 1.57400000e+00  1.56631188e+00 
 1.57600000e+00  1.56819625e+00 
 1.57800000e+00  1.57012320e+00 
 1.58000000e+00  1.57209245e+00 
 1.58200000e+00  1.57410363e+00 
 1.58400000e+00  1.57615632e+00 
 1.58600000e+00  1.57825002e+00 
 1.58800000e+00  1.58038420e+00 
 1.59000000e+00  1.58255820e+00 
 1.59200000e+00  1.58477137e+00 
 1.59400000e+00  1.58702292e+00 
 1.59600000e+00  1.58931205e+00 
 1.59800000e+00  1.59163787e+00 
 1.60000000e+00  1.59399944e+00 
 1.60200000e+00  1.59639573e+00 
 1.60400000e+00  1.59882568e+00 
 1.60600000e+00  1.60128816e+00 
 1.60800000e+00  1.60378198e+00 
 1.61000000e+00  1.60630589e+00 
 1.61200000e+00  1.60885858e+00 
 1.61400000e+00  1.61143872e+00 
 1.61600000e+00  1.61404489e+00 
 1.61800000e+00  1.61667563e+00 
 1.62000000e+00  1.61932947e+00 
 1.62200000e+00  1.62200486e+00 
 1.62400000e+00  1.62470021e+00 
 1.62600000e+00  1.62741391e+00 
 1.62800000e+00  1.63014433e+00 
 1.63000000e+00  1.63288976e+00 
 1.63200000e+00  1.63564851e+00 
 1.63400000e+00  1.63841883e+00 
 1.63600000e+00  1.64119899e+00 
 1.63800000e+00  1.64398719e+00 
 1.64000000e+00  1.64678166e+00 
 1.64200000e+00  1.64958059e+00 
 1.64400000e+00  1.65238218e+00 
 1.64600000e+00  1.65518460e+00 
 1.64800000e+00  1.65798605e+00 
 1.65000000e+00  1.66078472e+00 
 1.65200000e+00  1.66357879e+00 
 1.65400000e+00  1.66636646e+00 
 1.65600000e+00  1.66914596e+00 
 1.65800000e+00  1.67191551e+00 
 1.66000000e+00  1.67467335e+00 
 1.66200000e+00  1.67741776e+00 
 1.66400000e+00  1.68014703e+00 
 1.66600000e+00  1.68285948e+00 
 1.66800000e+00  1.68555348e+00 
 1.67000000e+00  1.68822741e+00 
 1.67200000e+00  1.69087970e+00 
 1.67400000e+00  1.69350881e+00 
 1.67600000e+00  1.69611327e+00 
 1.67800000e+00  1.69869162e+00 
 1.68000000e+00  1.70124246e+00 
 1.68200000e+00  1.70376447e+00 
 1.68400000e+00  1.70625634e+00 
 1.68600000e+00  1.70871684e+00 
 1.68800000e+00  1.71114478e+00 
 1.69000000e+00  1.71353906e+00 
 1.69200000e+00  1.71589860e+00 
 1.69400000e+00  1.71822241e+00 
 1.69600000e+00  1.72050955e+00 
 1.69800000e+00  1.72275915e+00 
 1.70000000e+00  1.72497040e+00 
 1.70200000e+00  1.72714256e+00 
 1.70400000e+00  1.72927497e+00 
 1.70600000e+00  1.73136700e+00 
 1.70800000e+00  1.73341811e+00 
 1.71000000e+00  1.73542784e+00 
 1.71200000e+00  1.73739576e+00 
 1.71400000e+00  1.73932155e+00 
 1.71600000e+00  1.74120492e+00 
 1.71800000e+00  1.74304565e+00 
 1.72000000e+00  1.74484361e+00 
 1.72200000e+00  1.74659869e+00 
 1.72400000e+00  1.74831088e+00 
 1.72600000e+00  1.74998021e+00 
 1.72800000e+00  1.75160676e+00 
 1.73000000e+00  1.75319069e+00 
 1.73200000e+00  1.75473219e+00 
 1.73400000e+00  1.75623153e+00 
 1.73600000e+00  1.75768900e+00 
 1.73800000e+00  1.75910495e+00 
 1.74000000e+00  1.76047979e+00 
 1.74200000e+00  1.76181395e+00 
 1.74400000e+00  1.76310791e+00 
 1.74600000e+00  1.76436219e+00 
 1.74800000e+00  1.76557736e+00 
 1.75000000e+00  1.76675399e+00 
 1.75200000e+00  1.76789270e+00 
 1.75400000e+00  1.76899415e+00 
 1.75600000e+00  1.77005901e+00 
 1.75800000e+00  1.77108797e+00 
 1.76000000e+00  1.77208175e+00 
 1.76200000e+00  1.77304109e+00 
 1.76400000e+00  1.77396673e+00 
 1.76600000e+00  1.77485945e+00 
 1.76800000e+00  1.77572002e+00 
 1.77000000e+00  1.77654922e+00 
 1.77200000e+00  1.77734785e+00 
 1.77400000e+00  1.77811670e+00 
 1.77600000e+00  1.77885659e+00 
 1.77800000e+00  1.77956830e+00 
 1.78000000e+00  1.78025264e+00 
 1.78200000e+00  1.78091041e+00 
 1.78400000e+00  1.78154242e+00 
 1.78600000e+00  1.78214944e+00 
 1.78800000e+00  1.78273226e+00 
 1.79000000e+00  1.78329166e+00 
 1.79200000e+00  1.78382841e+00 
 1.79400000e+00  1.78434327e+00 
 1.79600000e+00  1.78483698e+00 
 1.79800000e+00  1.78531027e+00 
 1.80000000e+00  1.78576388e+00 
 1.80200000e+00  1.78619850e+00 
 1.80400000e+00  1.78661484e+00 
 1.80600000e+00  1.78701356e+00 
 1.80800000e+00  1.78739535e+00 
 1.81000000e+00  1.78776084e+00 
 1.81200000e+00  1.78811066e+00 
 1.81400000e+00  1.78844545e+00 
 1.81600000e+00  1.78876579e+00 
 1.81800000e+00  1.78907226e+00 
 1.82000000e+00  1.78936545e+00 
 1.82200000e+00  1.78964589e+00 
 1.82400000e+00  1.78991413e+00 
 1.82600000e+00  1.79017067e+00 
 1.82800000e+00  1.79041602e+00 
 1.83000000e+00  1.79065066e+00 
 1.83200000e+00  1.79087506e+00 
 1.83400000e+00  1.79108968e+00 
 1.83600000e+00  1.79129494e+00 
 1.83800000e+00  1.79149126e+00 
 1.84000000e+00  1.79167906e+00 
 1.84200000e+00  1.79185872e+00 
 1.84400000e+00  1.79203061e+00 
 1.84600000e+00  1.79219510e+00 
 1.84800000e+00  1.79235254e+00 
 1.85000000e+00  1.79250324e+00 
 1.85200000e+00  1.79264754e+00 
 1.85400000e+00  1.79278574e+00 
 1.85600000e+00  1.79291813e+00 
 1.85800000e+00  1.79304499e+00 
 1.86000000e+00  1.79316660e+00 
 1.86200000e+00  1.79328320e+00 
 1.86400000e+00  1.79339505e+00 
 1.86600000e+00  1.79350238e+00 
 1.86800000e+00  1.79360542e+00 
 1.87000000e+00  1.79370438e+00 
 1.87200000e+00  1.79379946e+00 
 1.87400000e+00  1.79389087e+00 
 1.87600000e+00  1.79397878e+00 
 1.87800000e+00  1.79406338e+00 
 1.88000000e+00  1.79414483e+00 
 1.88200000e+00  1.79422330e+00 
 1.88400000e+00  1.79429894e+00 
 1.88600000e+00  1.79437190e+00 
 1.88800000e+00  1.79444232e+00 
 1.89000000e+00  1.79451033e+00 
 1.89200000e+00  1.79457606e+00 
 1.89400000e+00  1.79463962e+00 
 1.89600000e+00  1.79470113e+00 
 1.89800000e+00  1.79476070e+00 
 1.90000000e+00  1.79481844e+00 
