 1.15000000e+00  2.20695443e-01 
 1.16000000e+00  2.20629275e-01 
 1.17000000e+00  2.20520092e-01 
 1.18000000e+00  2.20390614e-01 
 1.19000000e+00  2.20222588e-01 
 1.20000000e+00  2.20005527e-01 
 1.21000000e+00  2.19726541e-01 
 1.22000000e+00  2.19369963e-01 
 1.23000000e+00  2.18916997e-01 
 1.24000000e+00  2.18345409e-01 
 1.25000000e+00  2.17629303e-01 
 1.26000000e+00  2.16739030e-01 
 1.27000000e+00  2.15641288e-01 
 1.28000000e+00  2.14299488e-01 
 1.29000000e+00  2.12674454e-01 
 1.30000000e+00  2.10725533e-01 
 1.31000000e+00  2.08412181e-01 
 1.32000000e+00  2.05696014e-01 
 1.33000000e+00  2.02543251e-01 
 1.34000000e+00  1.98927368e-01 
 1.35000000e+00  1.94831661e-01 
 1.36000000e+00  1.90251356e-01 
 1.37000000e+00  1.85194911e-01 
 1.38000000e+00  1.79684256e-01 
 1.39000000e+00  1.73753872e-01 
 1.40000000e+00  1.67448823e-01 
 1.41000000e+00  1.60822020e-01 
 1.42000000e+00  1.53931087e-01 
 1.43000000e+00  1.46835223e-01 
 1.44000000e+00  1.39592367e-01 
 1.45000000e+00  1.32256892e-01 
 1.46000000e+00  1.24877920e-01 
 1.47000000e+00  1.17498254e-01 
 1.48000000e+00  1.10153868e-01 
 1.49000000e+00  1.02873836e-01 
 1.50000000e+00  9.56806055e-02 
 1.51000000e+00  8.85904846e-02 
 1.52000000e+00  8.16142693e-02 
 1.53000000e+00  7.47579241e-02 
 1.54000000e+00  6.80232692e-02 
 1.55000000e+00  6.14086349e-02 
 1.56000000e+00  5.49094620e-02 
 1.57000000e+00  4.85188339e-02 
 1.58000000e+00  4.22279394e-02 
 1.59000000e+00  3.60264645e-02 
 1.60000000e+00  2.99029205e-02 
 1.61000000e+00  2.38449138e-02 
 1.62000000e+00  1.78393670e-02 
 1.63000000e+00  1.18726976e-02 
 1.64000000e+00  5.93096624e-03 
 1.65000000e+00 -3.33636230e-10 
 1.66000000e+00 -5.93450155e-03 
 1.67000000e+00 -1.18868628e-02 
 1.68000000e+00 -1.78713347e-02 
 1.69000000e+00 -2.39019845e-02 
 1.70000000e+00 -2.99925703e-02 
 1.71000000e+00 -3.61563907e-02 
 1.72000000e+00 -4.24061009e-02 
 1.73000000e+00 -4.87534856e-02 
 1.74000000e+00 -5.52091817e-02 
 1.75000000e+00 -6.17823407e-02 
 1.76000000e+00 -6.84802240e-02 
 1.77000000e+00 -7.53077278e-02 
 1.78000000e+00 -8.22668353e-02 
 1.79000000e+00 -8.93560009e-02 
 1.80000000e+00 -9.65694819e-02 
 1.81000000e+00 -1.03896639e-01 
 1.82000000e+00 -1.11321248e-01 
 1.83000000e+00 -1.18820873e-01 
 1.84000000e+00 -1.26366379e-01 
 1.85000000e+00 -1.33921671e-01 
 1.86000000e+00 -1.41443765e-01 
 1.87000000e+00 -1.48883293e-01 
 1.88000000e+00 -1.56185543e-01 
 1.89000000e+00 -1.63292081e-01 
 1.90000000e+00 -1.70142972e-01 
 1.91000000e+00 -1.76679497e-01 
 1.92000000e+00 -1.82847189e-01 
 1.93000000e+00 -1.88598892e-01 
 1.94000000e+00 -1.93897508e-01 
 1.95000000e+00 -1.98718074e-01 
 1.96000000e+00 -2.03048877e-01 
 1.97000000e+00 -2.06891483e-01 
 1.98000000e+00 -2.10259712e-01 
 1.99000000e+00 -2.13177753e-01 
 2.00000000e+00 -2.15677752e-01 
 2.01000000e+00 -2.17797205e-01 
 2.02000000e+00 -2.19576472e-01 
 2.03000000e+00 -2.21056623e-01 
 2.04000000e+00 -2.22277721e-01 
 2.05000000e+00 -2.23277569e-01 
 2.06000000e+00 -2.24090880e-01 
 2.07000000e+00 -2.24748799e-01 
 2.08000000e+00 -2.25278716e-01 
 2.09000000e+00 -2.25704286e-01 
 2.10000000e+00 -2.26045607e-01 
 2.11000000e+00 -2.26319502e-01 
 2.12000000e+00 -2.26539860e-01 
 2.13000000e+00 -2.26718005e-01 
 2.14000000e+00 -2.26863066e-01 
 2.15000000e+00 -2.26982326e-01 
 1.15000000e+00  1.10534474e-01 
 1.16000000e+00  1.10494148e-01 
 1.17000000e+00  1.10427858e-01 
 1.18000000e+00  1.10349410e-01 
 1.19000000e+00  1.10247897e-01 
 1.20000000e+00  1.10117181e-01 
 1.21000000e+00  1.09949773e-01 
 1.22000000e+00  1.09736650e-01 
 1.23000000e+00  1.09467094e-01 
 1.24000000e+00  1.09128562e-01 
 1.25000000e+00  1.08706619e-01 
 1.26000000e+00  1.08184961e-01 
 1.27000000e+00  1.07545561e-01 
 1.28000000e+00  1.06768968e-01 
 1.29000000e+00  1.05834825e-01 
 1.30000000e+00  1.04722616e-01 
 1.31000000e+00  1.03412676e-01 
 1.32000000e+00  1.01887438e-01 
 1.33000000e+00  1.00132819e-01 
 1.34000000e+00  9.81396045e-02 
 1.35000000e+00  9.59046266e-02 
 1.36000000e+00  9.34315127e-02 
 1.37000000e+00  9.07308672e-02 
 1.38000000e+00  8.78198166e-02 
 1.39000000e+00  8.47209835e-02 
 1.40000000e+00  8.14610476e-02 
 1.41000000e+00  7.80691068e-02 
 1.42000000e+00  7.45750474e-02 
 1.43000000e+00  7.10080947e-02 
 1.44000000e+00  6.73956465e-02 
 1.45000000e+00  6.37624349e-02 
 1.46000000e+00  6.01300059e-02 
 1.47000000e+00  5.65164786e-02 
 1.48000000e+00  5.29365270e-02 
 1.49000000e+00  4.94015241e-02 
 1.50000000e+00  4.59197959e-02 
 1.51000000e+00  4.24969363e-02 
 1.52000000e+00  3.91361502e-02 
 1.53000000e+00  3.58385965e-02 
 1.54000000e+00  3.26037138e-02 
 1.55000000e+00  2.94295183e-02 
 1.56000000e+00  2.63128684e-02 
 1.57000000e+00  2.32496926e-02 
 1.58000000e+00  2.02351833e-02 
 1.59000000e+00  1.72639577e-02 
 1.60000000e+00  1.43301898e-02 
 1.61000000e+00  1.14277162e-02 
 1.62000000e+00  8.55012141e-03 
 1.63000000e+00  5.69080550e-03 
 1.64000000e+00  2.84303750e-03 
 1.65000000e+00 -1.45868206e-10 
 1.66000000e+00 -2.84517465e-03 
 1.67000000e+00 -5.69936819e-03 
 1.68000000e+00 -8.56944388e-03 
 1.69000000e+00 -1.14622075e-02 
 1.70000000e+00 -1.43843628e-02 
 1.71000000e+00 -1.73424562e-02 
 1.72000000e+00 -2.03428072e-02 
 1.73000000e+00 -2.33914205e-02 
 1.74000000e+00 -2.64938763e-02 
 1.75000000e+00 -2.96551928e-02 
 1.76000000e+00 -3.28796599e-02 
 1.77000000e+00 -3.61706376e-02 
 1.78000000e+00 -3.95303186e-02 
 1.79000000e+00 -4.29594542e-02 
 1.80000000e+00 -4.64570455e-02 
 1.81000000e+00 -5.00200067e-02 
 1.82000000e+00 -5.36428122e-02 
 1.83000000e+00 -5.73171462e-02 
 1.84000000e+00 -6.10315826e-02 
 1.85000000e+00 -6.47713298e-02 
 1.86000000e+00 -6.85180880e-02 
 1.87000000e+00 -7.22500686e-02 
 1.88000000e+00 -7.59422328e-02 
 1.89000000e+00 -7.95667987e-02 
 1.90000000e+00 -8.30940530e-02 
 1.91000000e+00 -8.64934723e-02 
 1.92000000e+00 -8.97351188e-02 
 1.93000000e+00 -9.27912171e-02 
 1.94000000e+00 -9.56377649e-02 
 1.95000000e+00 -9.82559895e-02 
 1.96000000e+00 -1.00633451e-01 
 1.97000000e+00 -1.02764626e-01 
 1.98000000e+00 -1.04650893e-01 
 1.99000000e+00 -1.06299937e-01 
 2.00000000e+00 -1.07724693e-01 
 2.01000000e+00 -1.08942023e-01 
 2.02000000e+00 -1.09971329e-01 
 2.03000000e+00 -1.10833254e-01 
 2.04000000e+00 -1.11548599e-01 
 2.05000000e+00 -1.12137483e-01 
 2.06000000e+00 -1.12618753e-01 
 2.07000000e+00 -1.13009606e-01 
 2.08000000e+00 -1.13325387e-01 
 2.09000000e+00 -1.13579524e-01 
 2.10000000e+00 -1.13783558e-01 
 2.11000000e+00 -1.13947252e-01 
 2.12000000e+00 -1.14078744e-01 
 2.13000000e+00 -1.14184726e-01 
 2.14000000e+00 -1.14270632e-01 
 2.15000000e+00 -1.14340827e-01 
 1.15000000e+00 -1.55542246e-11 
 1.16000000e+00 -3.91109367e-12 
 1.17000000e+00  5.24114085e-12 
 1.18000000e+00 -5.01798603e-11 
 1.19000000e+00 -7.76534392e-12 
 1.20000000e+00 -2.53277399e-11 
 1.21000000e+00 -1.45043977e-11 
 1.22000000e+00 -1.08082432e-11 
 1.23000000e+00 -2.40207854e-12 
 1.24000000e+00  3.30313554e-12 
 1.25000000e+00 -2.53006505e-11 
 1.26000000e+00  1.67688086e-12 
 1.27000000e+00 -5.42033085e-11 
 1.28000000e+00 -3.07980308e-11 
 1.29000000e+00 -2.86992652e-11 
 1.30000000e+00 -3.13136184e-11 
 1.31000000e+00 -1.55755409e-11 
 1.32000000e+00 -1.08801856e-13 
 1.33000000e+00 -9.49462731e-12 
 1.34000000e+00 -1.04578568e-11 
 1.35000000e+00 -2.66329181e-11 
 1.36000000e+00 -4.61408689e-13 
 1.37000000e+00 -2.05120365e-11 
 1.38000000e+00 -4.01372269e-11 
 1.39000000e+00  4.81437112e-12 
 1.40000000e+00 -2.11306528e-11 
 1.41000000e+00 -1.76214598e-11 
 1.42000000e+00 -3.83897358e-11 
 1.43000000e+00  2.08650874e-11 
 1.44000000e+00 -3.30979688e-12 
 1.45000000e+00 -8.79785134e-12 
 1.46000000e+00  3.33022498e-12 
 1.47000000e+00 -2.20543583e-11 
 1.48000000e+00 -2.13917772e-12 
 1.49000000e+00 -9.40980627e-12 
 1.50000000e+00 -7.88569210e-12 
 1.51000000e+00  3.02406988e-11 
 1.52000000e+00 -2.28403962e-11 
 1.53000000e+00 -1.08508758e-11 
 1.54000000e+00 -1.23550059e-11 
 1.55000000e+00 -1.58490998e-11 
 1.56000000e+00 -2.58486565e-11 
 1.57000000e+00  3.43369777e-12 
 1.58000000e+00 -1.68620673e-11 
 1.59000000e+00 -3.35695916e-11 
 1.60000000e+00 -2.40145681e-11 
 1.61000000e+00  4.62652139e-12 
 1.62000000e+00  5.86952709e-12 
 1.63000000e+00 -8.97681929e-12 
 1.64000000e+00 -5.22395460e-11 
 1.65000000e+00 -1.33968392e-11 
 1.66000000e+00 -1.99773531e-11 
 1.67000000e+00 -5.54534196e-12 
 1.68000000e+00 -2.01341166e-11 
 1.69000000e+00  8.03801470e-14 
 1.70000000e+00 -6.46771525e-12 
 1.71000000e+00 -1.91411331e-11 
 1.72000000e+00 -5.34923217e-11 
 1.73000000e+00  6.62270239e-12 
 1.74000000e+00 -5.56399371e-12 
 1.75000000e+00  1.19650956e-11 
 1.76000000e+00 -4.31965574e-12 
 1.77000000e+00 -4.63256100e-11 
 1.78000000e+00 -1.74740222e-11 
 1.79000000e+00 -9.09228248e-12 
 1.80000000e+00 -5.59823299e-11 
 1.81000000e+00 -1.49196211e-11 
 1.82000000e+00 -1.65192304e-11 
 1.83000000e+00 -1.28204114e-11 
 1.84000000e+00 -2.24531505e-11 
 1.85000000e+00 -6.97530922e-12 
 1.86000000e+00  9.62563362e-12 
 1.87000000e+00 -8.81783535e-12 
 1.88000000e+00 -2.38316034e-11 
 1.89000000e+00 -3.63624686e-11 
 1.90000000e+00  3.41282558e-12 
 1.91000000e+00 -3.87072596e-11 
 1.92000000e+00 -2.95194980e-11 
 1.93000000e+00 -6.69242439e-13 
 1.94000000e+00  3.30890870e-12 
 1.95000000e+00 -3.04662962e-11 
 1.96000000e+00 -5.23314725e-12 
 1.97000000e+00 -2.21778151e-11 
 1.98000000e+00 -3.99169586e-11 
 1.99000000e+00 -3.00359737e-11 
 2.00000000e+00 -2.16924256e-11 
 2.01000000e+00 -2.26418884e-11 
 2.02000000e+00 -7.50643991e-12 
 2.03000000e+00 -9.20730159e-12 
 2.04000000e+00 -1.83151272e-11 
 2.05000000e+00 -2.49471555e-11 
 2.06000000e+00 -1.26796351e-11 
 2.07000000e+00  1.69215753e-11 
 2.08000000e+00 -5.05666620e-11 
 2.09000000e+00 -3.02406988e-11 
 2.10000000e+00 -5.17985654e-12 
 2.11000000e+00 -9.06075215e-12 
 2.12000000e+00 -1.10831344e-11 
 2.13000000e+00 -1.38231648e-11 
 2.14000000e+00  2.37645459e-11 
 2.15000000e+00 -8.48876525e-12 
 1.15000000e+00 -1.08477286e-01 
 1.16000000e+00 -1.08416813e-01 
 1.17000000e+00 -1.08318693e-01 
 1.18000000e+00 -1.08203383e-01 
 1.19000000e+00 -1.08055572e-01 
 1.20000000e+00 -1.07867200e-01 
 1.21000000e+00 -1.07628654e-01 
 1.22000000e+00 -1.07328641e-01 
 1.23000000e+00 -1.06954100e-01 
 1.24000000e+00 -1.06490195e-01 
 1.25000000e+00 -1.05920402e-01 
 1.26000000e+00 -1.05226748e-01 
 1.27000000e+00 -1.04390217e-01 
 1.28000000e+00 -1.03391388e-01 
 1.29000000e+00 -1.02211309e-01 
 1.30000000e+00 -1.00832616e-01 
 1.31000000e+00 -9.92408203e-02 
 1.32000000e+00 -9.74256392e-02 
 1.33000000e+00 -9.53821894e-02 
 1.34000000e+00 -9.31118371e-02 
 1.35000000e+00 -9.06225404e-02 
 1.36000000e+00 -8.79285990e-02 
 1.37000000e+00 -8.50498393e-02 
 1.38000000e+00 -8.20103637e-02 
 1.39000000e+00 -7.88370514e-02 
 1.40000000e+00 -7.55580143e-02 
 1.41000000e+00 -7.22011786e-02 
 1.42000000e+00 -6.87931072e-02 
 1.43000000e+00 -6.53581184e-02 
 1.44000000e+00 -6.19177072e-02 
 1.45000000e+00 -5.84902386e-02 
 1.46000000e+00 -5.50908648e-02 
 1.47000000e+00 -5.17316113e-02 
 1.48000000e+00 -4.84215807e-02 
 1.49000000e+00 -4.51672282e-02 
 1.50000000e+00 -4.19726730e-02 
 1.51000000e+00 -3.88400184e-02 
 1.52000000e+00 -3.57696618e-02 
 1.53000000e+00 -3.27605818e-02 
 1.54000000e+00 -2.98105957e-02 
 1.55000000e+00 -2.69165850e-02 
 1.56000000e+00 -2.40746868e-02 
 1.57000000e+00 -2.12804549e-02 
 1.58000000e+00 -1.85289913e-02 
 1.59000000e+00 -1.58150529e-02 
 1.60000000e+00 -1.31331354e-02 
 1.61000000e+00 -1.04775385e-02 
 1.62000000e+00 -7.84241709e-03 
 1.63000000e+00 -5.22181803e-03 
 1.64000000e+00 -2.60970896e-03 
 1.65000000e+00  2.33515429e-11 
 1.66000000e+00  2.61343976e-03 
 1.67000000e+00  5.23676631e-03 
 1.68000000e+00  7.87614642e-03 
 1.69000000e+00  1.05377391e-02 
 1.70000000e+00  1.32276734e-02 
 1.71000000e+00  1.59520178e-02 
 1.72000000e+00  1.87167398e-02 
 1.73000000e+00  2.15276525e-02 
 1.74000000e+00  2.43903437e-02 
 1.75000000e+00  2.73100854e-02 
 1.76000000e+00  3.02917195e-02 
 1.77000000e+00  3.33395153e-02 
 1.78000000e+00  3.64569962e-02 
 1.79000000e+00  3.96467321e-02 
 1.80000000e+00  4.29100962e-02 
 1.81000000e+00  4.62469867e-02 
 1.82000000e+00  4.96555165e-02 
 1.83000000e+00  5.31316794e-02 
 1.84000000e+00  5.66690059e-02 
 1.85000000e+00  6.02582288e-02 
 1.86000000e+00  6.38869875e-02 
 1.87000000e+00  6.75396091e-02 
 1.88000000e+00  7.11970095e-02 
 1.89000000e+00  7.48367675e-02 
 1.90000000e+00  7.84334219e-02 
 1.91000000e+00  8.19590380e-02 
 1.92000000e+00  8.53840699e-02 
 1.93000000e+00  8.86785154e-02 
 1.94000000e+00  9.18133175e-02 
 1.95000000e+00  9.47619115e-02 
 1.96000000e+00  9.75017668e-02 
 1.97000000e+00  1.00015738e-01 
 1.98000000e+00  1.02293036e-01 
 1.99000000e+00  1.04329678e-01 
 2.00000000e+00  1.06128343e-01 
 2.01000000e+00  1.07697686e-01 
 2.02000000e+00  1.09051236e-01 
 2.03000000e+00  1.10206074e-01 
 2.04000000e+00  1.11181474e-01 
 2.05000000e+00  1.11997677e-01 
 2.06000000e+00  1.12674876e-01 
 2.07000000e+00  1.13232451e-01 
 2.08000000e+00  1.13688446e-01 
 2.09000000e+00  1.14059241e-01 
 2.10000000e+00  1.14359393e-01 
 2.11000000e+00  1.14601593e-01 
 2.12000000e+00  1.14796722e-01 
 2.13000000e+00  1.14953962e-01 
 2.14000000e+00  1.15080951e-01 
 2.15000000e+00  1.15183963e-01 
 1.15000000e+00 -2.10751126e-01 
 1.16000000e+00 -2.10607315e-01 
 1.17000000e+00 -2.10376056e-01 
 1.18000000e+00 -2.10105519e-01 
 1.19000000e+00 -2.09760863e-01 
 1.20000000e+00 -2.09324528e-01 
 1.21000000e+00 -2.08775862e-01 
 1.22000000e+00 -2.08090947e-01 
 1.23000000e+00 -2.07242563e-01 
 1.24000000e+00 -2.06200322e-01 
 1.25000000e+00 -2.04931055e-01 
 1.26000000e+00 -2.03399524e-01 
 1.27000000e+00 -2.01569520e-01 
 1.28000000e+00 -1.99405395e-01 
 1.29000000e+00 -1.96874032e-01 
 1.30000000e+00 -1.93947121e-01 
 1.31000000e+00 -1.90603566e-01 
 1.32000000e+00 -1.86831695e-01 
 1.33000000e+00 -1.82630956e-01 
 1.34000000e+00 -1.78012762e-01 
 1.35000000e+00 -1.73000342e-01 
 1.36000000e+00 -1.67627560e-01 
 1.37000000e+00 -1.61936886e-01 
 1.38000000e+00 -1.55976811e-01 
 1.39000000e+00 -1.49799056e-01 
 1.40000000e+00 -1.43455901e-01 
 1.41000000e+00 -1.36997859e-01 
 1.42000000e+00 -1.30471870e-01 
 1.43000000e+00 -1.23920021e-01 
 1.44000000e+00 -1.17378795e-01 
 1.45000000e+00 -1.10878766e-01 
 1.46000000e+00 -1.04444632e-01 
 1.47000000e+00 -9.80955192e-02 
 1.48000000e+00 -9.18454374e-02 
 1.49000000e+00 -8.57038351e-02 
 1.50000000e+00 -7.96761894e-02 
 1.51000000e+00 -7.37645909e-02 
 1.52000000e+00 -6.79682940e-02 
 1.53000000e+00 -6.22842190e-02 
 1.54000000e+00 -5.67073936e-02 
 1.55000000e+00 -5.12313342e-02 
 1.56000000e+00 -4.58483662e-02 
 1.57000000e+00 -4.05498892e-02 
 1.58000000e+00 -3.53265908e-02 
 1.59000000e+00 -3.01686175e-02 
 1.60000000e+00 -2.50657064e-02 
 1.61000000e+00 -2.00072868e-02 
 1.62000000e+00 -1.49825551e-02 
 1.63000000e+00 -9.98052918e-03 
 1.64000000e+00 -4.99008814e-03 
 1.65000000e+00 -2.98294722e-12 
 1.66000000e+00  5.00105732e-03 
 1.67000000e+00  1.00244779e-02 
 1.68000000e+00  1.50817091e-02 
 1.69000000e+00  2.01842282e-02 
 1.70000000e+00  2.53435103e-02 
 1.71000000e+00  3.05709833e-02 
 1.72000000e+00  3.58779648e-02 
 1.73000000e+00  4.12755765e-02 
 1.74000000e+00  4.67746288e-02 
 1.75000000e+00  5.23854716e-02 
 1.76000000e+00  5.81178012e-02 
 1.77000000e+00  6.39804194e-02 
 1.78000000e+00  6.99809357e-02 
 1.79000000e+00  7.61254071e-02 
 1.80000000e+00  8.24179113e-02 
 1.81000000e+00  8.88600503e-02 
 1.82000000e+00  9.54503892e-02 
 1.83000000e+00  1.02183839e-01 
 1.84000000e+00  1.09051002e-01 
 1.85000000e+00  1.16037509e-01 
 1.86000000e+00  1.23123400e-01 
 1.87000000e+00  1.30282597e-01 
 1.88000000e+00  1.37482550e-01 
 1.89000000e+00  1.44684158e-01 
 1.90000000e+00  1.51842030e-01 
 1.91000000e+00  1.58905220e-01 
 1.92000000e+00  1.65818468e-01 
 1.93000000e+00  1.72524005e-01 
 1.94000000e+00  1.78963878e-01 
 1.95000000e+00  1.85082676e-01 
 1.96000000e+00  1.90830441e-01 
 1.97000000e+00  1.96165484e-01 
 1.98000000e+00  2.01056747e-01 
 1.99000000e+00  2.05485422e-01 
 2.00000000e+00  2.09445580e-01 
 2.01000000e+00  2.12943751e-01 
 2.02000000e+00  2.15997556e-01 
 2.03000000e+00  2.18633623e-01 
 2.04000000e+00  2.20885136e-01 
 2.05000000e+00  2.22789334e-01 
 2.06000000e+00  2.24385228e-01 
 2.07000000e+00  2.25711710e-01 
 2.08000000e+00  2.26806114e-01 
 2.09000000e+00  2.27703212e-01 
 2.10000000e+00  2.28434593e-01 
 2.11000000e+00  2.29028351e-01 
 2.12000000e+00  2.29509010e-01 
 2.13000000e+00  2.29897622e-01 
 2.14000000e+00  2.30211980e-01 
 2.15000000e+00  2.30466913e-01 
